Listening to port 4567
Connected!!!
UKF: 
0
X,actual: 0.312243,0.6
Y,actual: 0.58034,0.6
VX,actual: 5.19994,5.19994
VY,actual: 0,0
Yaw,actual: 0,0
YawR,actual: 0.00691132,0.00691132
DeltaTime: 0.05
Augmented X:   0.312243
   0.58034
   5.19994
         0
0.00691132
         0
         0
Augmented Covariance Matrix:  0.5    0    0    0    0    0    0
   0  0.5    0    0    0    0    0
   0    0  0.5    0    0    0    0
   0    0    0  0.5    0    0    0
   0    0    0    0  0.5    0    0
   0    0    0    0    0 0.25    0
   0    0    0    0    0    0 0.81
Augmented Sigma Points:   0.312243    1.53699   0.312243   0.312243   0.312243   0.312243   0.312243   0.312243  -0.912502   0.312243   0.312243   0.312243   0.312243   0.312243   0.312243
   0.58034    0.58034    1.80508    0.58034    0.58034    0.58034    0.58034    0.58034    0.58034  -0.644405    0.58034    0.58034    0.58034    0.58034    0.58034
   5.19994    5.19994    5.19994    6.42468    5.19994    5.19994    5.19994    5.19994    5.19994    5.19994    3.97519    5.19994    5.19994    5.19994    5.19994
         0          0          0          0    1.22474          0          0          0          0          0          0   -1.22474          0          0          0
0.00691132 0.00691132 0.00691132 0.00691132 0.00691132    1.23166 0.00691132 0.00691132 0.00691132 0.00691132 0.00691132 0.00691132   -1.21783 0.00691132 0.00691132
         0          0          0          0          0          0   0.866025          0          0          0          0          0          0  -0.866025          0
         0          0          0          0          0          0          0    1.55885          0          0          0          0          0          0   -1.55885
Predicted Sigma Points:     0.57224     1.79698     0.57224    0.633477    0.400388    0.572075    0.573322     0.57224   -0.652505     0.57224    0.511002    0.400472    0.572079    0.571157     0.57224
   0.580385    0.580385     1.80513    0.580395    0.824939    0.588343    0.580385    0.580385    0.580385    -0.64436    0.580374    0.335771    0.572426    0.580385    0.580385
    5.19994     5.19994     5.19994     6.42468     5.19994     5.19994     5.24324     5.19994     5.19994     5.19994     3.97519     5.19994     5.19994     5.15664     5.19994
0.000345566 0.000345566 0.000345566 0.000345566     1.22509   0.0615828 0.000345566  0.00229412 0.000345566 0.000345566 0.000345566     -1.2244  -0.0608917 0.000345566 -0.00160299
 0.00691132  0.00691132  0.00691132  0.00691132  0.00691132     1.23166  0.00691132   0.0848536  0.00691132  0.00691132  0.00691132  0.00691132    -1.21783  0.00691132   -0.071031
New X based on given predicted sigma points:    0.514916
   0.580375
    5.19994
0.000345566
 0.00691132
New P based on given predicted sigma points:     0.507804  -2.1022e-06    0.0250156   -1.729e-05 -7.48437e-07
 -2.1022e-06     0.519962  4.31958e-06     0.100013   0.00324895
   0.0250156  4.31958e-06     0.500625  7.22224e-35  6.01853e-35
  -1.729e-05     0.100013  7.22224e-35     0.501251    0.0250506
-7.48437e-07   0.00324895  6.01853e-35    0.0250506     0.502025
Translated measurements used in radar:  0.815049   1.88839   1.89366  0.859157   0.91697   0.82062  0.815809  0.815049  0.873275  0.861776  0.773277  0.522609  0.809288  0.814289  0.815049
 0.792465  0.312401   1.26381  0.741697   1.11893  0.799416   0.79152  0.792465   2.41463 -0.844609  0.848876  0.697743  0.785702  0.793411  0.792465
  3.65212    4.9488   1.57307   4.73857   5.17066   3.84758   3.68605   3.65932  -3.88416   3.45154   2.62794  -1.78962   3.44516   3.61823    3.6449
Predicted measurement:   1.1598
0.828123
 1.58685
Predicted covariance matrix S:    0.284593 -0.00103659    0.802061
-0.00103659    0.979637    -2.02605
   0.802061    -2.02605     11.9132
Actual:  1.01489
0.554329
 4.89281
Residual: -0.144912
-0.273794
  3.30596
Updated X:  0.757211
 0.537329
  5.37337
 0.659311
0.0467617
Updated P:    0.140997   0.0336737  -0.0197162   -0.111013  -0.0059561
  0.0336737    0.158893  -0.0200606  -0.0679655 -0.00406881
 -0.0197162  -0.0200606    0.479415  -0.0835019 -0.00479306
  -0.111013  -0.0679655  -0.0835019    0.141324  0.00482984
 -0.0059561 -0.00406881 -0.00479306  0.00482984     0.50087
1.65588
X,actual: 0.757211,0.859997
Y,actual: 0.537329,0.600045
VX,actual: 4.24719,5.19975
VY,actual: 3.29158,0.00179686
Yaw,actual: 0.659311,0.000345566
YawR,actual: 0.0467617,0.0138215
DeltaTime: 0.05
Augmented X:  0.757211
 0.537329
  5.37337
 0.659311
0.0467617
 -3.46862
-0.797008
Augmented Covariance Matrix:    0.140997   0.0336737  -0.0197162   -0.111013  -0.0059561           0           0
  0.0336737    0.158893  -0.0200606  -0.0679655 -0.00406881           0           0
 -0.0197162  -0.0200606    0.479415  -0.0835019 -0.00479306           0           0
  -0.111013  -0.0679655  -0.0835019    0.141324  0.00482984           0           0
 -0.0059561 -0.00406881 -0.00479306  0.00482984     0.50087           0           0
          0           0           0           0           0        0.25           0
          0           0           0           0           0           0        0.81
Augmented Sigma Points:  0.757211   1.40759  0.757211  0.757211  0.757211  0.757211  0.757211  0.757211  0.106834  0.757211  0.757211  0.757211  0.757211  0.757211  0.757211
 0.537329  0.692655   1.21005  0.537329  0.537329  0.537329  0.537329  0.537329  0.382002 -0.135392  0.537329  0.537329  0.537329  0.537329  0.537329
  5.37337   5.28242   5.30491   6.56722   5.37337   5.37337   5.37337   5.37337   5.46431   5.44183   4.17951   5.37337   5.37337   5.37337   5.37337
 0.659311  0.147239  0.474453  0.399873  0.904817  0.659311  0.659311  0.659311   1.17138   0.84417   0.91875  0.413806  0.659311  0.659311  0.659311
0.0467617  0.019288 0.0349603 0.0319477 0.0239357   1.27191 0.0467617 0.0467617 0.0742354 0.0585631 0.0615757 0.0695877  -1.17838 0.0467617 0.0467617
 -3.46862  -3.46862  -3.46862  -3.46862  -3.46862  -3.46862   -2.6026  -3.46862  -3.46862  -3.46862  -3.46862  -3.46862  -3.46862  -4.33465  -3.46862
-0.797008 -0.797008 -0.797008 -0.797008 -0.797008 -0.797008 -0.797008  0.761838 -0.797008 -0.797008 -0.797008 -0.797008 -0.797008 -0.797008  -2.35585
Predicted Sigma Points:    0.965951     1.66455    0.989196     1.05557    0.920398    0.960769    0.966807    0.965951    0.210928    0.934797    0.881134    0.999045    0.970868    0.965095    0.965951
     0.6995    0.730894     1.32945    0.663714    0.745276    0.705891    0.700163      0.6995    0.629915   0.0649987     0.70018    0.644044    0.692902    0.698837      0.6995
    5.19994     5.10899     5.13148     6.39379     5.19994     5.19994     5.24324     5.19994     5.29088      5.2684     4.00608     5.19994     5.19994     5.15664     5.19994
   0.660653    0.147207    0.475205    0.400474    0.905017     0.72191    0.660653    0.662602      1.1741    0.846102    0.920833    0.416289    0.599396    0.660653    0.658705
 0.00691132  -0.0205624 -0.00489004 -0.00790265  -0.0159146     1.23205  0.00691132   0.0848536    0.034385   0.0187127   0.0217253   0.0297373    -1.21823  0.00691132   -0.071031
New X based on given predicted sigma points:   0.953908
  0.684878
   5.19994
  0.660653
0.00691132
New P based on given predicted sigma points:     0.179531    0.0167623    0.0120674    -0.136944  -0.00895659
   0.0167623     0.135086   -0.0232048   -0.0418862 -0.000592329
   0.0120674   -0.0232048      0.48004   -0.0837416  -0.00479306
   -0.136944   -0.0418862   -0.0837416      0.14306     0.029924
 -0.00895659 -0.000592329  -0.00479306     0.029924     0.502895
Top 2 rows for the sigma points used in lidar:  0.965951   1.66455  0.989196   1.05557  0.920398  0.960769  0.966807  0.965951  0.210928  0.934797  0.881134  0.999045  0.970868  0.965095  0.965951
   0.6995  0.730894   1.32945  0.663714  0.745276  0.705891  0.700163    0.6995  0.629915 0.0649987   0.70018  0.644044  0.692902  0.698837    0.6995
Predicted measurement: 0.953908
0.684878
Predicted covariance matrix S:  0.179531 0.0167623
0.0167623  0.135086
Actual:  1.17385
0.481073
Residual:   0.21994
-0.203805
Updated X:      1.1467
    0.51306
    5.24749
   0.554964
-0.00305363
Updated P:    0.0199719  0.000268914   0.00163324   -0.0148865 -0.000999292
 0.000268914    0.0192589   -0.0034869  -0.00439703  2.17215e-05
  0.00163324   -0.0034869     0.475568   -0.0802922  -0.00423471
  -0.0148865  -0.00439703   -0.0802922    0.0442693    0.0238823
-0.000999292  2.17215e-05  -0.00423471    0.0238823     0.502498
0.555118
X,actual: 1.1467,1.11998
Y,actual: 0.51306,0.600225
VX,actual: 4.45994,5.19943
VY,actual: 2.76497,0.00538996
Yaw,actual: 0.554964,0.00103664
YawR,actual: -0.00305363,0.0207296
DeltaTime: 0.05
Augmented X:      1.1467
    0.51306
    5.24749
   0.554964
-0.00305363
    2.51763
   0.996307
Augmented Covariance Matrix:    0.0199719  0.000268914   0.00163324   -0.0148865 -0.000999292            0            0
 0.000268914    0.0192589   -0.0034869  -0.00439703  2.17215e-05            0            0
  0.00163324   -0.0034869     0.475568   -0.0802922  -0.00423471            0            0
  -0.0148865  -0.00439703   -0.0802922    0.0442693    0.0238823            0            0
-0.000999292  2.17215e-05  -0.00423471    0.0238823     0.502498            0            0
           0            0            0            0            0         0.25            0
           0            0            0            0            0            0         0.81
Augmented Sigma Points:      1.1467     1.39148      1.1467      1.1467      1.1467      1.1467      1.1467      1.1467    0.901923      1.1467      1.1467      1.1467      1.1467      1.1467      1.1467
    0.51306    0.516356    0.753405     0.51306     0.51306     0.51306     0.51306     0.51306    0.509764    0.272715     0.51306     0.51306     0.51306     0.51306     0.51306
    5.24749      5.2675     5.20369     6.44096     5.24749     5.24749     5.24749     5.24749     5.22747     5.29128     4.05401     5.24749     5.24749     5.24749     5.24749
   0.554964    0.372513    0.502582    0.354273    0.792659    0.554964    0.554964    0.554964    0.737414    0.607346    0.755654    0.317268    0.554964    0.554964    0.554964
-0.00305363   -0.015301 -0.00261455  -0.0134767    0.280265      1.1915 -0.00305363 -0.00305363  0.00919376  -0.0034927  0.00736948   -0.286372    -1.19761 -0.00305363 -0.00305363
    2.51763     2.51763     2.51763     2.51763     2.51763     2.51763     3.38366     2.51763     2.51763     2.51763     2.51763     2.51763     2.51763     1.65161     2.51763
   0.996307    0.996307    0.996307    0.996307    0.996307    0.996307    0.996307     2.55515    0.996307    0.996307    0.996307    0.996307    0.996307    0.996307   -0.562539
Predicted Sigma Points:    1.37238    1.63976    1.37748    1.45174    1.33177    1.36812     1.3733    1.37238    1.09768    1.36655    1.29649    1.39955    1.37638    1.37146    1.37238
  0.652949   0.613265   0.880234   0.625771   0.703454   0.659525    0.65352   0.652949   0.687666   0.425476    0.65425   0.594108   0.646209   0.652379   0.652949
   5.37337    5.39339    5.32957    6.56684    5.37337    5.37337    5.41667    5.37337    5.35335    5.41717    4.17989    5.37337    5.37337    5.33007    5.37337
  0.556056   0.372993   0.503696   0.354845   0.807918   0.615784   0.556056   0.558005   0.739119   0.608416   0.757268   0.304195   0.496328   0.556056   0.554108
 0.0467617  0.0345143  0.0472008  0.0363386    0.33008    1.24132  0.0467617   0.124704  0.0590091  0.0463226  0.0571848  -0.236557    -1.1478  0.0467617 -0.0311806
New X based on given predicted sigma points:   1.36933
  0.64636
  5.37337
 0.556056
0.0467617
New P based on given predicted sigma points:   0.0269053 -0.00395699   0.0326217  -0.0247677 -0.00621908
-0.00395699   0.0187941 -0.00922437  0.00397914  0.00804908
  0.0326217 -0.00922437    0.476193   -0.080504 -0.00423471
 -0.0247677  0.00397914   -0.080504    0.047915   0.0490579
-0.00621908  0.00804908 -0.00423471   0.0490579    0.504523
Translated measurements used in radar:  1.51979  1.75068   1.6347  1.58086  1.50614  1.51879  1.52087  1.51979   1.2953  1.43125  1.45222  1.52043  1.52053  1.51872  1.51979
0.444083 0.357891 0.568617 0.406984 0.485961 0.449198 0.444162 0.444083 0.559656 0.301838 0.467345 0.401447 0.438952 0.444004 0.444083
 5.33972  5.39277  5.31834  6.55792  5.09727  5.29898   5.3828  5.33854  5.26737  5.16457  4.00545  5.34798  5.36453  5.29664  5.34088
Predicted measurement:  1.52195
0.443593
 5.24272
Predicted covariance matrix S:   0.0222019 -0.00389676   0.0351374
-0.00389676   0.0103448  -0.0130055
  0.0351374  -0.0130055    0.551975
Actual: 1.04751
0.38924
4.51132
Residual:  -0.474449
-0.0543525
 -0.731391
Updated X:   1.30915
 0.539217
  4.83653
  0.67882
0.0379357
Updated P:   0.0135988  0.00534647 -0.00235698 -0.00997755 0.000521558
 0.00534647  0.00453792 -0.00130887 -0.00390149  0.00114963
-0.00235698 -0.00130887   0.0729609   0.0026459   0.0215652
-0.00997755 -0.00390149   0.0026459   0.0251779   0.0404574
0.000521558  0.00114963   0.0215652   0.0404574    0.499903
3.15776
X,actual: 1.30915,1.37996
Y,actual: 0.539217,0.600629
VX,actual: 3.76434,5.19898
VY,actual: 3.03674,0.0107781
Yaw,actual: 0.67882,0.00207312
YawR,actual: 0.0379357,0.0276344
DeltaTime: 0.05
Augmented X:   1.30915
 0.539217
  4.83653
  0.67882
0.0379357
  8.21917
-0.819787
Augmented Covariance Matrix:   0.0135988  0.00534647 -0.00235698 -0.00997755 0.000521558           0           0
 0.00534647  0.00453792 -0.00130887 -0.00390149  0.00114963           0           0
-0.00235698 -0.00130887   0.0729609   0.0026459   0.0215652           0           0
-0.00997755 -0.00390149   0.0026459   0.0251779   0.0404574           0           0
0.000521558  0.00114963   0.0215652   0.0404574    0.499903           0           0
          0           0           0           0           0        0.25           0
          0           0           0           0           0           0        0.81
Augmented Sigma Points:    1.30915    1.51113    1.30915    1.30915    1.30915    1.30915    1.30915    1.30915    1.10717    1.30915    1.30915    1.30915    1.30915    1.30915    1.30915
  0.539217   0.618627   0.624702   0.539217   0.539217   0.539217   0.539217   0.539217   0.459806   0.453731   0.539217   0.539217   0.539217   0.539217   0.539217
   4.83653    4.80152    4.82311    5.30287    4.83653    4.83653    4.83653    4.83653    4.87154    4.84994    4.37018    4.83653    4.83653    4.83653    4.83653
   0.67882   0.530625   0.679566   0.684738   0.910199    0.67882    0.67882    0.67882   0.827015   0.678074   0.672902   0.447441    0.67882    0.67882    0.67882
 0.0379357  0.0456824  0.0710842     0.1782   0.563763    1.13447  0.0379357  0.0379357  0.0301891 0.00478722  -0.102328  -0.487892    -1.0586  0.0379357  0.0379357
   8.21917    8.21917    8.21917    8.21917    8.21917    8.21917    9.08519    8.21917    8.21917    8.21917    8.21917    8.21917    8.21917    7.35314    8.21917
 -0.819787  -0.819787  -0.819787  -0.819787  -0.819787  -0.819787  -0.819787   0.739059  -0.819787  -0.819787  -0.819787  -0.819787  -0.819787  -0.819787   -2.37863
Predicted Sigma Points:     1.50522     1.72692     1.50446     1.52174     1.46113     1.50096     1.50606     1.50522     1.27891     1.50599     1.48841     1.53769      1.5093     1.50438     1.50522
   0.697683    0.745559    0.783048    0.714323    0.740348     0.70276    0.698362    0.697683    0.646743    0.612316     0.68137    0.645621    0.692453    0.697003    0.697683
    5.24749     5.21248     5.23407     5.71383     5.24749     5.24749     5.29079     5.24749     5.28249      5.2609     4.78114     5.24749     5.24749     5.20419     5.24749
   0.679692    0.531884    0.682095    0.692623    0.937362    0.734519    0.679692    0.681641      0.8275    0.677289    0.666761    0.422022    0.624865    0.679692    0.677743
-0.00305363    0.004693   0.0300949     0.13721    0.522774     1.09348 -0.00305363   0.0748887  -0.0108003  -0.0362021   -0.143318   -0.528881    -1.09959 -0.00305363  -0.0809959
New X based on given predicted sigma points:     1.50243
   0.695635
    5.24749
   0.679692
-0.00305363
New P based on given predicted sigma points:    0.0173184   0.00315213 -8.24641e-06   -0.0143294  -0.00688413
  0.00315213   0.00409404   0.00161281   0.00186734    0.0120263
-8.24641e-06   0.00161281    0.0735859   0.00372416    0.0215652
  -0.0143294   0.00186734   0.00372416    0.0304746    0.0655032
 -0.00688413    0.0120263    0.0215652    0.0655032     0.501928
Top 2 rows for the sigma points used in lidar:  1.50522  1.72692  1.50446  1.52174  1.46113  1.50096  1.50606  1.50522  1.27891  1.50599  1.48841  1.53769   1.5093  1.50438  1.50522
0.697683 0.745559 0.783048 0.714323 0.740348  0.70276 0.698362 0.697683 0.646743 0.612316  0.68137 0.645621 0.692453 0.697003 0.697683
Predicted measurement:  1.50243
0.695635
Predicted covariance matrix S:  0.0173184 0.00315213
0.00315213 0.00409404
Actual: 1.65063
0.62469
Residual:   0.148191
-0.0709443
Updated X:     1.5613
  0.695301
   5.24239
  0.616943
-0.0681259
Updated P:   0.00966562   0.00152123 -0.000113746  -0.00830001  -0.00473993
  0.00152123   0.00328347     0.001378   0.00256365    0.0107367
-0.000113746     0.001378    0.0734871   0.00353735    0.0207938
 -0.00830001   0.00256365   0.00353735    0.0249759    0.0615934
 -0.00473993    0.0107367    0.0207938    0.0615934     0.494739
0.810973
X,actual: 1.5613,1.6399
Y,actual: 0.695301,0.601347
VX,actual: 4.27596,5.19839
VY,actual: 3.03295,0.0179597
Yaw,actual: 0.616943,0.00345484
YawR,actual: -0.0681259,0.0345348
DeltaTime: 0.05
Augmented X:     1.5613
  0.695301
   5.24239
  0.616943
-0.0681259
  -8.11729
   2.12123
Augmented Covariance Matrix:   0.00966562   0.00152123 -0.000113746  -0.00830001  -0.00473993            0            0
  0.00152123   0.00328347     0.001378   0.00256365    0.0107367            0            0
-0.000113746     0.001378    0.0734871   0.00353735    0.0207938            0            0
 -0.00830001   0.00256365   0.00353735    0.0249759    0.0615934            0            0
 -0.00473993    0.0107367    0.0207938    0.0615934     0.494739            0            0
           0            0            0            0            0         0.25            0
           0            0            0            0            0            0         0.81
Augmented Sigma Points:     1.5613    1.73158     1.5613     1.5613     1.5613     1.5613     1.5613     1.5613    1.39101     1.5613     1.5613     1.5613     1.5613     1.5613     1.5613
  0.695301   0.722101   0.790863   0.695301   0.695301   0.695301   0.695301   0.695301   0.668501   0.599739   0.695301   0.695301   0.695301   0.695301   0.695301
   5.24239    5.24039    5.28621    5.70987    5.24239    5.24239    5.24239    5.24239     5.2444    5.19857    4.77491    5.24239    5.24239    5.24239    5.24239
  0.616943   0.470717   0.738432   0.627628   0.813594   0.616943   0.616943   0.616943   0.763168   0.495453   0.606257   0.420291   0.616943   0.616943   0.616943
-0.0681259  -0.151632   0.292353  0.0311668   0.581318   0.888776 -0.0681259 -0.0681259  0.0153802  -0.428605  -0.167419   -0.71757   -1.02503 -0.0681259 -0.0681259
  -8.11729   -8.11729   -8.11729   -8.11729   -8.11729   -8.11729   -7.25126   -8.11729   -8.11729   -8.11729   -8.11729   -8.11729   -8.11729   -8.98331   -8.11729
   2.12123    2.12123    2.12123    2.12123    2.12123    2.12123    2.12123    3.68008    2.12123    2.12123    2.12123    2.12123    2.12123    2.12123   0.562386
Predicted Sigma Points:    1.76708    1.95651    1.74795    1.78404    1.73158    1.76338    1.76796    1.76708    1.57311    1.78235    1.74973    1.79321    1.77061     1.7662    1.76708
  0.840714   0.835445   0.963371   0.857172   0.881014   0.845778    0.84134   0.840714    0.84281   0.716033   0.824733   0.793797   0.835534   0.840088   0.840714
   4.83653    4.83452    4.88035    5.30401    4.83653    4.83653    4.87983    4.83653    4.83853    4.79271    4.36905    4.83653    4.83653    4.79323    4.83653
  0.616188   0.465787   0.755702   0.631838   0.845311   0.664033   0.616188   0.618136   0.766589   0.476674   0.600538   0.387064   0.568343   0.616188   0.614239
 0.0379357 -0.0455703   0.398415   0.137228    0.68738   0.994838  0.0379357   0.115878   0.121442  -0.322543 -0.0613569  -0.611508  -0.918966  0.0379357 -0.0400066
New X based on given predicted sigma points:   1.76403
 0.838805
  4.83653
 0.616188
0.0379357
New P based on given predicted sigma points:  0.0127689 -0.0013043 0.00230702 -0.0127322 -0.0146587
-0.0013043 0.00583421 0.00434539 0.00943268  0.0265735
0.00230702 0.00434539  0.0741121 0.00457705  0.0207938
-0.0127322 0.00943268 0.00457705  0.0323734   0.086381
-0.0146587  0.0265735  0.0207938   0.086381   0.496764
Translated measurements used in radar:  1.95688  2.12742  1.99585  1.97928  1.94282  1.95572  1.95794  1.95688  1.78465   1.9208  1.93435  1.96105  1.95785  1.95581  1.95688
0.444072  0.40357  0.50372 0.447899 0.470656 0.447223 0.444167 0.444072 0.491846 0.382001 0.440466  0.41674 0.440908 0.443977 0.444072
 4.76507  4.82517  4.72623  5.21453  4.50104   4.7233  4.80781  4.76344  4.65706  4.77124  4.31319   4.8344  4.79731  4.72233  4.76667
Predicted measurement: 1.95538
0.44479
 4.7172
Predicted covariance matrix S:   0.0104634 -0.00181533  0.00851703
-0.00181533  0.00213863 -0.00264627
 0.00851703 -0.00264627   0.0817078
Actual:  1.6983
0.29828
5.20999
Residual: -0.257083
 -0.14651
 0.492787
Updated X:  1.91285
0.687408
 4.91204
0.258848
-0.79332
Updated P:   0.0078688  0.00172975 0.000910683 -0.00399545  0.00310026
 0.00172975  0.00280265  0.00215631  0.00257413   0.0113287
0.000910683  0.00215631   0.0429349  0.00532211   0.0233822
-0.00399545  0.00257413  0.00532211    0.014782   0.0485676
 0.00310026   0.0113287   0.0233822   0.0485676    0.413345
9.15605
X,actual: 1.91285,1.89982
Y,actual: 0.687408,0.60247
VX,actual: 4.7484,5.19766
VY,actual: 1.25732,0.0269323
Yaw,actual: 0.258848,0.00518158
YawR,actual: -0.79332,0.0414297
DeltaTime: 0.05
Augmented X:  1.91285
0.687408
 4.91204
0.258848
-0.79332
 6.60702
 14.5039
Augmented Covariance Matrix:   0.0078688  0.00172975 0.000910683 -0.00399545  0.00310026           0           0
 0.00172975  0.00280265  0.00215631  0.00257413   0.0113287           0           0
0.000910683  0.00215631   0.0429349  0.00532211   0.0233822           0           0
-0.00399545  0.00257413  0.00532211    0.014782   0.0485676           0           0
 0.00310026   0.0113287   0.0233822   0.0485676    0.413345           0           0
          0           0           0           0           0        0.25           0
          0           0           0           0           0           0        0.81
Augmented Sigma Points:     1.91285      2.0665     1.91285     1.91285     1.91285     1.91285     1.91285     1.91285     1.75921     1.91285     1.91285     1.91285     1.91285     1.91285     1.91285
   0.687408    0.721183    0.772656    0.687408    0.687408    0.687408    0.687408    0.687408    0.653633     0.60216    0.687408    0.687408    0.687408    0.687408    0.687408
    4.91204     4.92982     4.98088     5.26382     4.91204     4.91204     4.91204     4.91204     4.89426      4.8432     4.56026     4.91204     4.91204     4.91204     4.91204
   0.258848    0.180834    0.380344    0.284404    0.409995    0.258848    0.258848    0.258848    0.336862    0.137352    0.233293    0.107701    0.258848    0.258848    0.258848
   -0.79332   -0.732785   -0.418631   -0.670297   -0.120081 -0.00111115    -0.79332    -0.79332   -0.853855    -1.16801   -0.916343    -1.46656    -1.58553    -0.79332    -0.79332
    6.60702     6.60702     6.60702     6.60702     6.60702     6.60702     7.47305     6.60702     6.60702     6.60702     6.60702     6.60702     6.60702     5.74099     6.60702
    14.5039     14.5039     14.5039     14.5039     14.5039     14.5039     14.5039     16.0627     14.5039     14.5039     14.5039     14.5039     14.5039     14.5039      12.945
Predicted Sigma Points:     2.15944     2.31785     2.15272     2.17459     2.14597     2.15826     2.16049     2.15944     1.99962     2.16175     2.14386     2.16599      2.1605      2.1584     2.15944
   0.747664    0.762548     0.86575    0.759326    0.787922    0.752382    0.747941    0.747664    0.732294    0.629426     0.73693    0.705724    0.742916    0.747386    0.747664
    5.24239     5.26017     5.31123     5.59417     5.24239     5.24239     5.28569     5.24239     5.22461     5.17355     4.89061     5.24239     5.24239     5.19909     5.24239
   0.237312    0.162325    0.377542    0.269019    0.422121    0.276922    0.237312    0.239261    0.312299   0.0970818    0.205605   0.0525027    0.197702    0.237312    0.235363
 -0.0681259 -0.00759122    0.306563   0.0548974    0.605113    0.724083  -0.0681259  0.00981643    -0.12866   -0.442815   -0.191149   -0.741365   -0.860335  -0.0681259   -0.146068
New X based on given predicted sigma points:    2.15722
  0.747427
   5.24239
  0.237312
-0.0681259
New P based on given predicted sigma points:  0.00855984 0.000543619  0.00265663 -0.00465733 0.000734494
0.000543619  0.00534297   0.0041181  0.00785783   0.0259953
 0.00265663   0.0041181   0.0435599  0.00649122   0.0233822
-0.00465733  0.00785783  0.00649122   0.0206734   0.0692855
0.000734494   0.0259953   0.0233822   0.0692855     0.41537
Top 2 rows for the sigma points used in lidar:  2.15944  2.31785  2.15272  2.17459  2.14597  2.15826  2.16049  2.15944  1.99962  2.16175  2.14386  2.16599   2.1605   2.1584  2.15944
0.747664 0.762548  0.86575 0.759326 0.787922 0.752382 0.747941 0.747664 0.732294 0.629426  0.73693 0.705724 0.742916 0.747386 0.747664
Predicted measurement:  2.15722
0.747427
Predicted covariance matrix S:  0.00855984 0.000543619
0.000543619  0.00534297
Actual:  2.18882
0.648739
Residual:  0.0316012
-0.0986882
Updated X:  2.16453
0.728964
 5.23058
0.204265
-0.16002
Updated P:  0.00619525 0.000318342  0.00186688 -0.00348614  0.00016446
0.000318342  0.00431146   0.0032914    0.006418   0.0210037
 0.00186688   0.0032914   0.0427371  0.00572817   0.0195186
-0.00348614    0.006418  0.00572817   0.0177104   0.0619843
 0.00016446   0.0210037   0.0195186   0.0619843    0.391099
0.386001
X,actual: 2.16453,2.1597
Y,actual: 0.728964,0.604086
VX,actual: 5.12184,5.19678
VY,actual: 1.06101,0.0376932
Yaw,actual: 0.204265,0.00725307
YawR,actual: -0.16002,0.0483182
DeltaTime: 0.05
Augmented X:  2.16453
0.728964
 5.23058
0.204265
-0.16002
-6.37073
 -12.666
Augmented Covariance Matrix:  0.00619525 0.000318342  0.00186688 -0.00348614  0.00016446           0           0
0.000318342  0.00431146   0.0032914    0.006418   0.0210037           0           0
 0.00186688   0.0032914   0.0427371  0.00572817   0.0195186           0           0
-0.00348614    0.006418  0.00572817   0.0177104   0.0619843           0           0
 0.00016446   0.0210037   0.0195186   0.0619843    0.391099           0           0
          0           0           0           0           0        0.25           0
          0           0           0           0           0           0        0.81
Augmented Sigma Points:   2.16453   2.30086   2.16453   2.16453   2.16453   2.16453   2.16453   2.16453    2.0282   2.16453   2.16453   2.16453   2.16453   2.16453   2.16453
 0.728964  0.735969  0.842477  0.728964  0.728964  0.728964  0.728964  0.728964  0.721959   0.61545  0.728964  0.728964  0.728964  0.728964  0.728964
  5.23058   5.27166   5.31503   5.57611   5.23058   5.23058   5.23058   5.23058    5.1895   5.14613   4.88505   5.23058   5.23058   5.23058   5.23058
 0.204265  0.127551  0.378618  0.220506  0.333042  0.204265  0.204265  0.204265   0.28098 0.0299124  0.188025 0.0754892  0.204265  0.204265  0.204265
 -0.16002 -0.156401  0.394854 -0.126602  0.530665  0.462263  -0.16002  -0.16002 -0.163639 -0.714894 -0.193438 -0.850704 -0.782302  -0.16002  -0.16002
 -6.37073  -6.37073  -6.37073  -6.37073  -6.37073  -6.37073   -5.5047  -6.37073  -6.37073  -6.37073  -6.37073  -6.37073  -6.37073  -7.23676  -6.37073
  -12.666   -12.666   -12.666   -12.666   -12.666   -12.666   -12.666  -11.1072   -12.666   -12.666   -12.666   -12.666   -12.666   -12.666  -14.2248
Predicted Sigma Points:    2.41303    2.55453    2.40307      2.429      2.403    2.41219    2.41409    2.41303    2.27014    2.41384    2.39687    2.41771    2.41379    2.41197    2.41303
  0.779374   0.767463   0.940196   0.787342   0.815128   0.783354   0.779594   0.779374   0.790681    0.61831    0.77197   0.742536   0.775378   0.779154   0.779374
   4.91204    4.95312    4.99649    5.25757    4.91204    4.91204    4.95534    4.91204    4.87096    4.82759    4.56651    4.91204    4.91204    4.86874    4.91204
  0.180432   0.103899   0.382529   0.198343   0.343742   0.211546   0.180432   0.182381   0.256965 -0.0216648    0.16252  0.0171215   0.149318   0.180432   0.178483
  -0.79332  -0.789701  -0.238446  -0.759902  -0.102635  -0.171037   -0.79332  -0.715378  -0.796939   -1.34819  -0.826738     -1.484    -1.4156   -0.79332  -0.871262
New X based on given predicted sigma points:  2.41034
0.779144
 4.91204
0.180432
-0.79332
New P based on given predicted sigma points:   0.00685645 -0.000887867   0.00366146  -0.00430322  -0.00250606
-0.000887867   0.00914341    0.0052601    0.0132013     0.039023
  0.00366146    0.0052601    0.0433621    0.0067041    0.0195186
 -0.00430322    0.0132013    0.0067041    0.0248878    0.0815898
 -0.00250606     0.039023    0.0195186    0.0815898     0.393124
Translated measurements used in radar:  2.53577  2.66732  2.58045  2.55342  2.53748  2.53619  2.53685  2.53577  2.40389  2.49177  2.51812  2.52917  2.53527   2.5347  2.53577
0.312409 0.291853 0.372939 0.313456 0.327033 0.314004 0.312363 0.312409 0.335156  0.25076 0.311583 0.297979 0.310816 0.312455 0.312409
 4.86932  4.86589  4.99626  5.22278  4.91136  4.88628  4.91228  4.87058  4.85608  4.64955  4.51587  4.71958  4.84812  4.82637  4.86806
Predicted measurement:    2.535
0.312658
 4.83241
Predicted covariance matrix S:   0.00654979 -2.18901e-05   0.00501916
-2.18901e-05   0.00147216   0.00409176
  0.00501916   0.00409176     0.055817
Actual:  2.04438
0.276002
 5.04387
Residual:   -0.49062
-0.0366557
  0.211458
Updated X:   2.40378
 0.725467
  4.95646
 0.116556
-0.996463
Updated P:  0.00580226 0.000600503  0.00305139 -0.00183977  0.00336471
0.000600503  0.00362265  0.00125187   0.0046601   0.0151564
 0.00305139  0.00125187   0.0285229  0.00015279 -0.00184633
-0.00183977   0.0046601  0.00015279   0.0115563    0.044543
 0.00336471   0.0151564 -0.00184633    0.044543    0.288581
3.71454
X,actual: 2.40378,2.41954
Y,actual: 0.725467,0.606284
VX,actual: 4.92283,5.19573
VY,actual: 0.576397,0.0502389
Yaw,actual: 0.116556,0.00966898
YawR,actual: -0.996463,0.0551989
DeltaTime: 0.05
Augmented X:   2.40378
 0.725467
  4.95646
 0.116556
-0.996463
  5.48245
  16.7289
Augmented Covariance Matrix:  0.00580226 0.000600503  0.00305139 -0.00183977  0.00336471           0           0
0.000600503  0.00362265  0.00125187   0.0046601   0.0151564           0           0
 0.00305139  0.00125187   0.0285229  0.00015279 -0.00184633           0           0
-0.00183977   0.0046601  0.00015279   0.0115563    0.044543           0           0
 0.00336471   0.0151564 -0.00184633    0.044543    0.288581           0           0
          0           0           0           0           0        0.25           0
          0           0           0           0           0           0        0.81
Augmented Sigma Points:    2.40378    2.53572    2.40378    2.40378    2.40378    2.40378    2.40378    2.40378    2.27185    2.40378    2.40378    2.40378    2.40378    2.40378    2.40378
  0.725467   0.739121   0.828818   0.725467   0.725467   0.725467   0.725467   0.725467   0.711812   0.622115   0.725467   0.725467   0.725467   0.725467   0.725467
   4.95646    5.02584    4.98363    5.23933    4.95646    4.95646    4.95646    4.95646    4.88707    4.92928    4.67358    4.95646    4.95646    4.95646    4.95646
  0.116556  0.0747224   0.257353   0.114913   0.230978   0.116556   0.116556   0.116556    0.15839 -0.0242408   0.118199 0.00213344   0.116556   0.116556   0.116556
 -0.996463  -0.919954  -0.566622    -1.0761  -0.330697  -0.521551  -0.996463  -0.996463   -1.07297    -1.4263  -0.916826   -1.66223   -1.47137  -0.996463  -0.996463
   5.48245    5.48245    5.48245    5.48245    5.48245    5.48245    6.34847    5.48245    5.48245    5.48245    5.48245    5.48245    5.48245    4.61642    5.48245
   16.7289    16.7289    16.7289    16.7289    16.7289    16.7289    16.7289    18.2877    16.7289    16.7289    16.7289    16.7289    16.7289    16.7289      15.17
Predicted Sigma Points:    2.65735    2.79348    2.65225    2.67151    2.65215    2.65708    2.65842    2.65735    2.52083     2.6566    2.64319    2.65819    2.65757    2.65627    2.65735
  0.748941   0.752623   0.890562   0.749276   0.781773   0.751871   0.749067   0.748941   0.744945   0.607198   0.748504   0.715717   0.746007   0.748815   0.748941
   5.23058    5.29996    5.25775    5.51345    5.23058    5.23058    5.27388    5.23058    5.16119    5.20341    4.94771    5.23058    5.23058    5.18728    5.23058
 0.0876439  0.0496357   0.249933  0.0820194   0.235355   0.111389  0.0876439  0.0895924   0.125652 -0.0746448  0.0932684 -0.0600669  0.0638983  0.0876439  0.0856953
  -0.16002 -0.0835113    0.26982  -0.239656   0.505746   0.314892   -0.16002 -0.0820776  -0.236529   -0.58986 -0.0803837  -0.825785  -0.634931   -0.16002  -0.237962
New X based on given predicted sigma points:   2.65558
 0.748785
  5.23058
0.0876439
 -0.16002
New P based on given predicted sigma points:  0.00626834 3.99974e-05  0.00448419 -0.00202215  0.00207986
3.99974e-05  0.00706271  0.00141024   0.0092645   0.0281816
 0.00448419  0.00141024   0.0291479 6.04735e-05 -0.00184633
-0.00202215   0.0092645 6.04735e-05   0.0167333   0.0590226
 0.00207986   0.0281816 -0.00184633   0.0590226    0.290606
Top 2 rows for the sigma points used in lidar:  2.65735  2.79348  2.65225  2.67151  2.65215  2.65708  2.65842  2.65735  2.52083   2.6566  2.64319  2.65819  2.65757  2.65627  2.65735
0.748941 0.752623 0.890562 0.749276 0.781773 0.751871 0.749067 0.748941 0.744945 0.607198 0.748504 0.715717 0.746007 0.748815 0.748941
Predicted measurement:  2.65558
0.748785
Predicted covariance matrix S:  0.00626834 3.99974e-05
3.99974e-05  0.00706271
Actual: 2.65526
0.66598
Residual: -0.000322036
  -0.0828055
Updated X:   2.65542
 0.729002
   5.2266
0.0617088
-0.238972
Updated P:    0.0049025  2.38089e-05   0.00350564  -0.00159135   0.00159686
 2.38089e-05   0.00537535   0.00106858   0.00705331    0.0214467
  0.00350564   0.00106858    0.0283822 -6.44576e-05  -0.00350881
 -0.00159135   0.00705331 -6.44576e-05    0.0136861    0.0503353
  0.00159686    0.0214467  -0.00350881    0.0503353     0.263596
0.231941
X,actual: 2.65542,2.67932
Y,actual: 0.729002,0.609155
VX,actual: 5.21665,5.1945
VY,actual: 0.322322,0.0645654
Yaw,actual: 0.0617088,0.0124289
YawR,actual: -0.238972,0.062071
DeltaTime: 0.05
Augmented X:   2.65542
 0.729002
   5.2266
0.0617088
-0.238972
 -5.40279
 -15.1498
Augmented Covariance Matrix:    0.0049025  2.38089e-05   0.00350564  -0.00159135   0.00159686            0            0
 2.38089e-05   0.00537535   0.00106858   0.00705331    0.0214467            0            0
  0.00350564   0.00106858    0.0283822 -6.44576e-05  -0.00350881            0            0
 -0.00159135   0.00705331 -6.44576e-05    0.0136861    0.0503353            0            0
  0.00159686    0.0214467  -0.00350881    0.0503353     0.263596            0            0
           0            0            0            0            0         0.25            0
           0            0            0            0            0            0         0.81
Augmented Sigma Points:    2.65542    2.77669    2.65542    2.65542    2.65542    2.65542    2.65542    2.65542    2.53415    2.65542    2.65542    2.65542    2.65542    2.65542    2.65542
  0.729002   0.729591   0.855989   0.729002   0.729002   0.729002   0.729002   0.729002   0.728413   0.602015   0.729002   0.729002   0.729002   0.729002   0.729002
    5.2266    5.31332    5.25144     5.5041     5.2266     5.2266     5.2266     5.2266    5.13987    5.20175    4.94909     5.2266     5.2266     5.2266     5.2266
 0.0617088  0.0223431   0.228522  0.0583804   0.169741  0.0617088  0.0617088  0.0617088   0.101074  -0.105104  0.0650371 -0.0463232  0.0617088  0.0617088  0.0617088
 -0.238972   -0.19947   0.267511  -0.334589   0.388202   0.121878  -0.238972  -0.238972  -0.278474  -0.745455  -0.143354  -0.866146  -0.599822  -0.238972  -0.238972
  -5.40279   -5.40279   -5.40279   -5.40279   -5.40279   -5.40279   -4.53677   -5.40279   -5.40279   -5.40279   -5.40279   -5.40279   -5.40279   -6.26882   -5.40279
  -15.1498   -15.1498   -15.1498   -15.1498   -15.1498   -15.1498   -15.1498    -13.591   -15.1498   -15.1498   -15.1498   -15.1498   -15.1498   -15.1498   -16.7087
Predicted Sigma Points:      2.9096     3.03557     2.90418     2.92354     2.90589     2.90946     2.91068      2.9096     2.78328     2.90679     2.89567     2.90938     2.90971     2.90852      2.9096
   0.743143    0.734051    0.915651    0.742367    0.774504    0.745497     0.74321    0.743143    0.751882    0.570624    0.743761    0.711566    0.740789    0.743077    0.743143
    4.95646     5.04318      4.9813     5.23396     4.95646     4.95646     4.99976     4.95646     4.86974     4.93161     4.67895     4.95646     4.95646     4.91315     4.95646
  0.0308229 -0.00656766     0.22296   0.0227137    0.170214   0.0488654   0.0308229   0.0327715   0.0682135   -0.161314   0.0389321   -0.108568   0.0127804   0.0308229   0.0288744
  -0.996463   -0.956961    -0.48998    -1.09208   -0.369289   -0.635612   -0.996463    -0.91852    -1.03596    -1.50295   -0.900845    -1.62364    -1.35731   -0.996463     -1.0744
New X based on given predicted sigma points:   2.90751
  0.74302
  4.95646
0.0308229
-0.996463
New P based on given predicted sigma points:    0.0053733 -0.000471564   0.00494011  -0.00177505  0.000617238
-0.000471564    0.0102789   0.00110733    0.0126381    0.0358918
  0.00494011   0.00110733    0.0290072 -0.000239898  -0.00350881
 -0.00177505    0.0126381 -0.000239898    0.0193799    0.0635658
 0.000617238    0.0358918  -0.00350881    0.0635658     0.265621
Translated measurements used in radar:  3.00301  3.12306  3.04511  3.01632  3.00734  3.00345  3.00407  3.00301  2.88305  2.96227  2.98966  2.99513  3.00253  3.00194  3.00301
0.250065 0.237262 0.305422 0.248672 0.260474 0.250835 0.249997 0.250065 0.263845 0.193843 0.251418 0.239868 0.249295 0.250132 0.250065
 4.83781    4.894  4.96437  5.10091  4.93628  4.85571  4.88015   4.8399  4.77685  4.62384  4.57372  4.65861  4.81847  4.79547   4.8357
Predicted measurement:  3.00265
0.250112
 4.80858
Predicted covariance matrix S:  0.00544541 0.000253432  0.00616882
0.000253432  0.00113273  0.00327269
 0.00616882  0.00327269   0.0414354
Actual:  2.99092
0.217668
 5.19181
Residual: -0.0117334
-0.0324446
  0.383224
Updated X:     2.93121
   0.708438
    5.05342
-0.00492657
   -1.06556
Updated P:   0.00477863   0.00023548    0.0037168 -0.000893382   0.00243879
  0.00023548   0.00446474 -0.000121355   0.00524233    0.0152406
   0.0037168 -0.000121355    0.0225624   -0.0022136   -0.0110452
-0.000893382   0.00524233   -0.0022136   0.00991858     0.037081
  0.00243879    0.0152406   -0.0110452     0.037081     0.190642
2.02881
X,actual: 2.93121,2.93904
Y,actual: 0.708438,0.612786
VX,actual: 5.05336,5.19309
VY,actual: -0.0248959,0.080668
Yaw,actual: -0.00492657,0.0155325
YawR,actual: -1.06556,0.0689333
DeltaTime: 0.05
Augmented X:     2.93121
   0.708438
    5.05342
-0.00492657
   -1.06556
    3.46354
    16.5318
