Listening to port 4567
Connected!!!
UKF: 
0
X,actual: 0.312243,0.6
Y,actual: 0.58034,0.6
VX,actual: 5.19994,5.19994
VY,actual: 0,0
Yaw,actual: 0,0
YawR,actual: 0.00691132,0.00691132
DeltaTime: 0.05
Augmented X:   0.312243
   0.58034
   5.19994
         0
0.00691132
         0
         0
Augmented Covariance Matrix: 0.25    0    0    0    0    0    0
   0 0.25    0    0    0    0    0
   0    0 0.25    0    0    0    0
   0    0    0 0.25    0    0    0
   0    0    0    0 0.25    0    0
   0    0    0    0    0 0.25    0
   0    0    0    0    0    0 0.81
Augmented Sigma Points:   0.312243    1.17827   0.312243   0.312243   0.312243   0.312243   0.312243   0.312243  -0.553783   0.312243   0.312243   0.312243   0.312243   0.312243   0.312243
   0.58034    0.58034    1.44637    0.58034    0.58034    0.58034    0.58034    0.58034    0.58034  -0.285686    0.58034    0.58034    0.58034    0.58034    0.58034
   5.19994    5.19994    5.19994    6.06596    5.19994    5.19994    5.19994    5.19994    5.19994    5.19994    4.33391    5.19994    5.19994    5.19994    5.19994
         0          0          0          0   0.866025          0          0          0          0          0          0  -0.866025          0          0          0
0.00691132 0.00691132 0.00691132 0.00691132 0.00691132   0.872937 0.00691132 0.00691132 0.00691132 0.00691132 0.00691132 0.00691132  -0.859114 0.00691132 0.00691132
         0          0          0          0          0          0   0.866025          0          0          0          0          0          0  -0.866025          0
         0          0          0          0          0          0          0    1.55885          0          0          0          0          0          0   -1.55885
Predicted Sigma Points:     0.57224     1.43826     0.57224    0.615541     0.48065    0.572157    0.573322     0.57224   -0.293786     0.57224    0.528938    0.480718     0.57216    0.571157     0.57224
   0.580385    0.580385     1.44641    0.580392    0.778424    0.586013    0.580385    0.580385    0.580385   -0.285641    0.580377    0.382314    0.574756    0.580385    0.580385
    5.19994     5.19994     5.19994     6.06596     5.19994     5.19994     5.24324     5.19994     5.19994     5.19994     4.33391     5.19994     5.19994     5.15664     5.19994
0.000345566 0.000345566 0.000345566 0.000345566    0.866371   0.0436468 0.000345566  0.00229412 0.000345566 0.000345566 0.000345566    -0.86568  -0.0429557 0.000345566 -0.00160299
 0.00691132  0.00691132  0.00691132  0.00691132  0.00691132    0.872937  0.00691132   0.0848536  0.00691132  0.00691132  0.00691132  0.00691132   -0.859114  0.00691132   -0.071031
New X based on given predicted sigma points:    0.541694
   0.580379
    5.19994
0.000345566
 0.00691132
New P based on given predicted sigma points:     0.252486 -1.83213e-06    0.0125156 -9.89735e-06 -3.74289e-07
-1.83213e-06     0.263086  2.15979e-06    0.0572548   0.00162473
   0.0125156  2.15979e-06     0.250625 -9.72595e-33 -4.62223e-33
-9.89735e-06    0.0572548 -9.72595e-33     0.250626    0.0125506
-3.74289e-07   0.00162473 -4.62223e-33    0.0125506     0.252025
Translated measurements used in radar:  0.815049   1.55095   1.55549  0.846017   0.91486  0.819008  0.815809  0.815049  0.650505  0.639569  0.785247   0.61421  0.810994  0.814289  0.815049
 0.792465  0.383547   1.19407  0.756017   1.01763  0.797361   0.79152  0.792465   2.03938 -0.462978  0.831735  0.671867  0.787662  0.793411  0.792465
  3.65212    4.8228   1.91464   4.41488   5.14056   3.79154   3.68605   3.65932  -2.34683   4.65172   2.92041  0.172866   3.50694   3.61823    3.6449
Predicted measurement: 0.987777
 0.80774
 2.39685
Predicted covariance matrix S:   0.170141 0.00669555   0.430259
0.00669555   0.587701   -1.51618
  0.430259   -1.51618    7.90042
Actual:  1.01489
0.554329
 4.89281
Residual: 0.0271149
 -0.25341
  2.49596
Updated X:  0.757041
  0.58315
  5.29901
 0.402115
0.0296316
Updated P:    0.069315   0.0181688 -0.00596527  -0.0439494 -0.00233122
  0.0181688   0.0725568 -0.00922685  -0.0278584 -0.00184785
-0.00596527 -0.00922685    0.241121  -0.0408619 -0.00224839
 -0.0439494  -0.0278584  -0.0408619   0.0585735  0.00222412
-0.00233122 -0.00184785 -0.00224839  0.00222412    0.251461
1.08086
X,actual: 0.757041,0.859997
Y,actual: 0.58315,0.600045
VX,actual: 4.87633,5.19975
VY,actual: 2.07385,0.00179686
Yaw,actual: 0.402115,0.000345566
YawR,actual: 0.0296316,0.0138215
DeltaTime: 0.05
Augmented X:  0.757041
  0.58315
  5.29901
 0.402115
0.0296316
 -1.98139
-0.454406
Augmented Covariance Matrix:    0.069315   0.0181688 -0.00596527  -0.0439494 -0.00233122           0           0
  0.0181688   0.0725568 -0.00922685  -0.0278584 -0.00184785           0           0
-0.00596527 -0.00922685    0.241121  -0.0408619 -0.00224839           0           0
 -0.0439494  -0.0278584  -0.0408619   0.0585735  0.00222412           0           0
-0.00233122 -0.00184785 -0.00224839  0.00222412    0.251461           0           0
          0           0           0           0           0        0.25           0
          0           0           0           0           0           0        0.81
Augmented Sigma Points:  0.757041   1.21305  0.757041  0.757041  0.757041  0.757041  0.757041  0.757041  0.301031  0.757041  0.757041  0.757041  0.757041  0.757041  0.757041
  0.58315  0.702679   1.03413   0.58315   0.58315   0.58315   0.58315   0.58315  0.463621   0.13217   0.58315   0.58315   0.58315   0.58315   0.58315
  5.29901   5.25976   5.24803   6.14708   5.29901   5.29901   5.29901   5.29901   5.33825   5.34998   4.45094   5.29901   5.29901   5.29901   5.29901
 0.402115  0.112981  0.293429  0.237656  0.632901  0.402115  0.402115  0.402115  0.691249  0.510801  0.566574  0.171329  0.402115  0.402115  0.402115
0.0296316  0.014295 0.0214042 0.0204738 0.0289285  0.897961 0.0296316 0.0296316 0.0449683  0.037859 0.0387894 0.0303347 -0.838698 0.0296316 0.0296316
 -1.98139  -1.98139  -1.98139  -1.98139  -1.98139  -1.98139  -1.11536  -1.98139  -1.98139  -1.98139  -1.98139  -1.98139  -1.98139  -2.84741  -1.98139
-0.454406 -0.454406 -0.454406 -0.454406 -0.454406 -0.454406 -0.454406   1.10444 -0.454406 -0.454406 -0.454406 -0.454406 -0.454406 -0.454406  -2.01325
Predicted Sigma Points:    0.998501     1.47189     1.00581     1.05331    0.968564    0.996169    0.999497    0.998501    0.504574     0.98811    0.942608     1.01564     1.00068    0.997505    0.998501
   0.686053    0.732143     1.10944    0.655078    0.738554    0.691311    0.686477    0.686053    0.632429    0.261953    0.701453    0.628097    0.680731     0.68563    0.686053
    5.19994     5.16069     5.14896     6.04801     5.19994     5.19994     5.24324     5.19994     5.23918     5.25091     4.35187     5.19994     5.19994     5.15664     5.19994
   0.403029    0.113127    0.293931    0.238111     0.63378    0.446445    0.403029    0.404977     0.69293    0.512126    0.567946    0.172277    0.359612    0.403029     0.40108
 0.00691132 -0.00842532 -0.00131606 -0.00224646  0.00620823    0.875241  0.00691132   0.0848536    0.022248   0.0151387   0.0160691  0.00761442   -0.861418  0.00691132   -0.071031
New X based on given predicted sigma points:   0.992226
  0.681163
   5.19994
  0.403029
0.00691132
New P based on given predicted sigma points:   0.0792195   0.0084129  0.00918443  -0.0519455 -0.00331323
  0.0084129   0.0618908  -0.0144014  -0.0146284 0.000171946
 0.00918443  -0.0144014    0.241746  -0.0409743 -0.00224839
 -0.0519455  -0.0146284  -0.0409743   0.0594258   0.0148478
-0.00331323 0.000171946 -0.00224839   0.0148478    0.253486
Top 2 rows for the sigma points used in lidar: 0.998501  1.47189  1.00581  1.05331 0.968564 0.996169 0.999497 0.998501 0.504574  0.98811 0.942608  1.01564  1.00068 0.997505 0.998501
0.686053 0.732143  1.10944 0.655078 0.738554 0.691311 0.686477 0.686053 0.632429 0.261953 0.701453 0.628097 0.680731  0.68563 0.686053
Predicted measurement: 0.992226
0.681163
Predicted covariance matrix S: 0.0792195 0.0084129
0.0084129 0.0618908
Actual:  1.17385
0.481073
Residual: 0.181623
-0.20009
Updated X:      1.12889
    0.538902
      5.2553
    0.336834
-0.000150768
Updated P:    0.0174817  0.000500273   0.00236866   -0.0112604 -0.000742792
 0.000500273    0.0164513  -0.00407579  -0.00277763  0.000119892
  0.00236866  -0.00407579      0.23817   -0.0381557  -0.00186844
  -0.0112604  -0.00277763   -0.0381557    0.0316231    0.0132109
-0.000742792  0.000119892  -0.00186844    0.0132109     0.253376
0.877169
X,actual: 1.12889,1.11998
Y,actual: 0.538902,0.600225
VX,actual: 4.95998,5.19943
VY,actual: 1.73688,0.00538996
Yaw,actual: 0.336834,0.00103664
YawR,actual: -0.000150768,0.0207296
DeltaTime: 0.05
Augmented X:      1.12889
    0.538902
      5.2553
    0.336834
-0.000150768
    0.874076
    0.595648
Augmented Covariance Matrix:    0.0174817  0.000500273   0.00236866   -0.0112604 -0.000742792            0            0
 0.000500273    0.0164513  -0.00407579  -0.00277763  0.000119892            0            0
  0.00236866  -0.00407579      0.23817   -0.0381557  -0.00186844            0            0
  -0.0112604  -0.00277763   -0.0381557    0.0316231    0.0132109            0            0
-0.000742792  0.000119892  -0.00186844    0.0132109     0.253376            0            0
           0            0            0            0            0         0.25            0
           0            0            0            0            0            0         0.81
Augmented Sigma Points:      1.12889       1.3579      1.12889      1.12889      1.12889      1.12889      1.12889      1.12889     0.899882      1.12889      1.12889      1.12889      1.12889      1.12889      1.12889
    0.538902     0.545456     0.760962     0.538902     0.538902     0.538902     0.538902     0.538902     0.532349     0.316842     0.538902     0.538902     0.538902     0.538902     0.538902
      5.2553      5.28633      5.19932      6.09816       5.2553       5.2553       5.2553       5.2553      5.22427      5.31128      4.41244       5.2553       5.2553       5.2553       5.2553
    0.336834     0.189324     0.303662     0.204254     0.570141     0.336834     0.336834     0.336834     0.484345     0.370006     0.469415     0.103528     0.336834     0.336834     0.336834
-0.000150768  -0.00988128   0.00175613  -0.00631626     0.160338     0.856724 -0.000150768 -0.000150768   0.00957975  -0.00205767   0.00601472     -0.16064    -0.857026 -0.000150768 -0.000150768
    0.874076     0.874076     0.874076     0.874076     0.874076     0.874076       1.7401     0.874076     0.874076     0.874076     0.874076     0.874076     0.874076   0.00805013     0.874076
    0.595648     0.595648     0.595648     0.595648     0.595648     0.595648     0.595648      2.15449     0.595648     0.595648     0.595648     0.595648     0.595648     0.595648    -0.963198
Predicted Sigma Points:    1.37792    1.61858      1.378    1.42854    1.35044    1.37599    1.37894    1.37792    1.13199    1.37751    1.32661    1.39144    1.37971     1.3769    1.37792
  0.626107    0.59534   0.839034   0.600923   0.682205   0.631392   0.626465   0.626107   0.654541   0.413258   0.639228    0.56512   0.620768    0.62575   0.626107
   5.29901    5.33004    5.24303    6.14187    5.29901    5.29901    5.34231    5.29901    5.26798    5.35499    4.45615    5.29901    5.29901    5.25571    5.29901
  0.337571   0.189574   0.304495   0.204682   0.578902   0.380415   0.337571    0.33952   0.485569   0.370648    0.47046  0.0962404   0.294728   0.337571   0.335623
 0.0296316  0.0199011  0.0315385  0.0234661   0.190121   0.886507  0.0296316   0.107574  0.0393621  0.0277247  0.0357971  -0.130857  -0.827243  0.0296316 -0.0483107
New X based on given predicted sigma points:   1.37452
 0.622897
  5.29901
 0.337571
0.0296316
New P based on given predicted sigma points:   0.0207453 -0.00311507   0.0168456  -0.0159383 -0.00252167
-0.00311507   0.0166776 -0.00965431  0.00474665  0.00491967
  0.0168456 -0.00965431    0.238795  -0.0382492 -0.00186844
 -0.0159383  0.00474665  -0.0382492   0.0335789   0.0259303
-0.00252167  0.00491967 -0.00186844   0.0259303    0.255401
Translated measurements used in radar:   1.5135  1.72459  1.61334  1.54979  1.51298  1.51393  1.51458   1.5135   1.3076  1.43816  1.47258  1.50182  1.51292  1.51242   1.5135
0.426495 0.352458 0.546921 0.398185 0.467776 0.430202 0.426431 0.426495 0.524253 0.291461 0.449023 0.385788 0.422794 0.426559 0.426495
 5.27807  5.25949  5.08971  6.02724  5.26632  5.29244  5.32123  5.27898  5.26404   5.3382  4.45512  5.07843  5.25561  5.23491  5.27714
Predicted measurement:  1.51562
0.427147
 5.20238
Predicted covariance matrix S:   0.0176171 -0.00251002  0.00664999
-0.00251002  0.00874499  -0.0104132
 0.00664999  -0.0104132      0.2147
Actual: 1.04751
0.38924
4.51132
Residual:  -0.468117
-0.0379068
 -0.691059
Updated X:    1.32625
  0.550694
   4.78436
  0.398228
-0.0184427
Updated P:   0.0123254  0.00455634  0.00463977 -0.00836483 0.000136133
 0.00455634  0.00395464  0.00191758 -0.00284682 0.000764018
 0.00463977  0.00191758   0.0733276  -0.0170298 -0.00705014
-0.00836483 -0.00284682  -0.0170298   0.0259806   0.0239623
0.000136133 0.000764018 -0.00705014   0.0239623    0.253468
4.02481
X,actual: 1.32625,1.37996
Y,actual: 0.550694,0.600629
VX,actual: 4.40998,5.19898
VY,actual: 1.85531,0.0107781
Yaw,actual: 0.398228,0.00207312
YawR,actual: -0.0184427,0.0276344
DeltaTime: 0.05
Augmented X:    1.32625
  0.550694
   4.78436
  0.398228
-0.0184427
   9.41892
  0.365839
Augmented Covariance Matrix:   0.0123254  0.00455634  0.00463977 -0.00836483 0.000136133           0           0
 0.00455634  0.00395464  0.00191758 -0.00284682 0.000764018           0           0
 0.00463977  0.00191758   0.0733276  -0.0170298 -0.00705014           0           0
-0.00836483 -0.00284682  -0.0170298   0.0259806   0.0239623           0           0
0.000136133 0.000764018 -0.00705014   0.0239623    0.253468           0           0
          0           0           0           0           0        0.25           0
          0           0           0           0           0           0        0.81
Augmented Sigma Points:    1.32625    1.51855    1.32625    1.32625    1.32625    1.32625    1.32625    1.32625    1.13396    1.32625    1.32625    1.32625    1.32625    1.32625    1.32625
  0.550694   0.621779   0.633223   0.550694   0.550694   0.550694   0.550694   0.550694    0.47961   0.468166   0.550694   0.550694   0.550694   0.550694   0.550694
   4.78436    4.85674    4.79171     5.2477    4.78436    4.78436    4.78436    4.78436    4.71197      4.777    4.32101    4.78436    4.78436    4.78436    4.78436
  0.398228   0.267726   0.407149   0.308212   0.627855   0.398228   0.398228   0.398228    0.52873   0.389307   0.488244   0.168601   0.398228   0.398228   0.398228
-0.0184427 -0.0163189  0.0075009 -0.0648337    0.27663   0.800402 -0.0184427 -0.0184427 -0.0205666 -0.0443864  0.0279482  -0.313515  -0.837288 -0.0184427 -0.0184427
   9.41892    9.41892    9.41892    9.41892    9.41892    9.41892    10.2849    9.41892    9.41892    9.41892    9.41892    9.41892    9.41892     8.5529    9.41892
  0.365839   0.365839   0.365839   0.365839   0.365839   0.365839   0.365839    1.92469   0.365839   0.365839   0.365839   0.365839   0.365839   0.365839   -1.19301
Predicted Sigma Points:      1.55765      1.76411      1.55705      1.58762       1.5284      1.55569      1.55865      1.55765      1.34762      1.55822      1.52739      1.57399      1.55948      1.55665      1.55765
    0.647924     0.689038       0.7328     0.633457     0.699464     0.652412     0.648343     0.647924     0.604289     0.563045     0.657695     0.590962     0.643383     0.647504     0.647924
      5.2553      5.32769      5.26266      5.71865       5.2553       5.2553       5.2986       5.2553      5.18292      5.24795      4.79196       5.2553       5.2553        5.212       5.2553
    0.397763     0.267368     0.407981     0.305428     0.642144     0.438706     0.397763     0.399712     0.528159     0.387545     0.490099     0.153382     0.356821     0.397763     0.395815
-0.000150768   0.00197307    0.0257929   -0.0465417     0.294922     0.818694 -0.000150768    0.0777915  -0.00227461   -0.0260944    0.0462402    -0.295223    -0.818996 -0.000150768   -0.0780931
New X based on given predicted sigma points:      1.55483
    0.645808
      5.2553
    0.397763
-0.000150768
New P based on given predicted sigma points:      0.01494   0.00238896   0.00968928   -0.0118633  -0.00308298
  0.00238896   0.00403717 -0.000635079    0.0033012   0.00751962
  0.00968928 -0.000635079    0.0739526   -0.0173823  -0.00705014
  -0.0118633    0.0033012   -0.0173823    0.0290118    0.0366863
 -0.00308298   0.00751962  -0.00705014    0.0366863     0.255493
Top 2 rows for the sigma points used in lidar:  1.55765  1.76411  1.55705  1.58762   1.5284  1.55569  1.55865  1.55765  1.34762  1.55822  1.52739  1.57399  1.55948  1.55665  1.55765
0.647924 0.689038   0.7328 0.633457 0.699464 0.652412 0.648343 0.647924 0.604289 0.563045 0.657695 0.590962 0.643383 0.647504 0.647924
Predicted measurement:  1.55483
0.645808
Predicted covariance matrix S:    0.01494 0.00238896
0.00238896 0.00403717
Actual: 1.65063
0.62469
Residual:  0.0957957
-0.0211179
Updated X:    1.59157
  0.647912
   5.28139
  0.363221
-0.0160027
Updated P:  0.00890024   0.0012243  0.00589108 -0.00735022 -0.00227262
  0.0012243  0.00331277  -0.0010688  0.00346067  0.00658023
 0.00589108  -0.0010688   0.0713855  -0.0141193 -0.00588573
-0.00735022  0.00346067  -0.0141193   0.0246286   0.0345226
-0.00227262  0.00658023 -0.00588573   0.0345226    0.252983
0.27321
X,actual: 1.59157,1.6399
Y,actual: 0.647912,0.601347
VX,actual: 4.93682,5.19839
VY,actual: 1.87641,0.0179597
Yaw,actual: 0.363221,0.00345484
YawR,actual: -0.0160027,0.0345348
DeltaTime: 0.05
Augmented X:    1.59157
  0.647912
   5.28139
  0.363221
-0.0160027
  -9.94062
-0.0488012
Augmented Covariance Matrix:  0.00890024   0.0012243  0.00589108 -0.00735022 -0.00227262           0           0
  0.0012243  0.00331277  -0.0010688  0.00346067  0.00658023           0           0
 0.00589108  -0.0010688   0.0713855  -0.0141193 -0.00588573           0           0
-0.00735022  0.00346067  -0.0141193   0.0246286   0.0345226           0           0
-0.00227262  0.00658023 -0.00588573   0.0345226    0.252983           0           0
          0           0           0           0           0        0.25           0
          0           0           0           0           0           0        0.81
Augmented Sigma Points:    1.59157    1.75498    1.59157    1.59157    1.59157    1.59157    1.59157    1.59157    1.42817    1.59157    1.59157    1.59157    1.59157    1.59157    1.59157
  0.647912   0.670389   0.745036   0.647912   0.647912   0.647912   0.647912   0.647912   0.625434   0.550788   0.647912   0.647912   0.647912   0.647912   0.647912
   5.28139    5.38954    5.22334    5.72758    5.28139    5.28139    5.28139    5.28139    5.17323    5.33943    4.83519    5.28139    5.28139    5.28139    5.28139
  0.363221   0.228275   0.501346   0.318968   0.549335   0.363221   0.363221   0.363221   0.498167   0.225096   0.407474   0.177107   0.363221   0.363221   0.363221
-0.0160027 -0.0577268   0.196906  -0.017765    0.35179   0.743341 -0.0160027 -0.0160027  0.0257214  -0.228911 -0.0142403  -0.383795  -0.775346 -0.0160027 -0.0160027
  -9.94062   -9.94062   -9.94062   -9.94062   -9.94062   -9.94062    -9.0746   -9.94062   -9.94062   -9.94062   -9.94062   -9.94062   -9.94062   -10.8066   -9.94062
-0.0488012 -0.0488012 -0.0488012 -0.0488012 -0.0488012 -0.0488012 -0.0488012    1.51004 -0.0488012 -0.0488012 -0.0488012 -0.0488012 -0.0488012 -0.0488012   -1.60765
Predicted Sigma Points:    1.82684    2.00545    1.80908    1.85175    1.80497      1.825    1.82785    1.82684     1.6444    1.84003    1.80217    1.83971    1.82856    1.82583    1.82684
  0.737218    0.72818   0.865708   0.733699   0.781273   0.741882   0.737603   0.737218   0.743236   0.606112   0.738716    0.68975    0.73251   0.736834   0.737218
   4.78436    4.89251    4.72631    5.23055    4.78436    4.78436    4.82766    4.78436     4.6762     4.8424    4.33816    4.78436    4.78436    4.74106    4.78436
   0.36236   0.225328    0.51113   0.318019   0.566864   0.400327    0.36236   0.364308   0.499392    0.21359   0.406701   0.157856   0.324393    0.36236   0.360411
-0.0184427 -0.0601668   0.194466 -0.0202051    0.34935   0.740901 -0.0184427  0.0594995  0.0232814  -0.231351 -0.0166804  -0.386235  -0.777786 -0.0184427  -0.096385
New X based on given predicted sigma points:    1.82396
  0.735365
   4.78436
   0.36236
-0.0184427
New P based on given predicted sigma points:   0.0112512 -0.00141175   0.0105097  -0.0105864 -0.00620336
-0.00141175  0.00634145 -0.00315023  0.00999641   0.0161143
  0.0105097 -0.00315023   0.0720105  -0.0144136 -0.00588573
 -0.0105864  0.00999641  -0.0144136   0.0287146   0.0472224
-0.00620336   0.0161143 -0.00588573   0.0472224    0.255008
Translated measurements used in radar:  1.96998  2.13356  2.00555  1.99181   1.9668  1.97003  1.97106  1.96998  1.80456  1.93729  1.94769  1.96476  1.96982   1.9689  1.96998
0.383562 0.348298 0.446328 0.377243 0.408497 0.386106 0.383551 0.383562 0.424499 0.318209 0.389015 0.358703 0.381019 0.383573 0.383562
 4.78328  4.85557  4.71639  5.22138  4.72449  4.78387  4.82657  4.78347  4.66309  4.81592  4.33748  4.68818  4.77669  4.73999  4.78307
Predicted measurement:  1.96866
0.383945
 4.74165
Predicted covariance matrix S:  0.00957611 -0.00139612  0.00803422
-0.00139612  0.00207525 -0.00299826
 0.00803422 -0.00299826   0.0702957
Actual:  1.6983
0.29828
5.20999
Residual:  -0.270358
-0.0856646
  0.468332
Updated X:   1.89411
 0.635083
  5.03465
 0.164464
-0.268058
Updated P:  0.00759294  0.00142215  0.00395668 -0.00375406  0.00146568
 0.00142215  0.00270834 0.000222429  0.00272453  0.00636999
 0.00395668 0.000222429    0.038974 -0.00412769  0.00130265
-0.00375406  0.00272453 -0.00412769   0.0132218   0.0277054
 0.00146568  0.00636999  0.00130265   0.0277054    0.228653
4.47606
X,actual: 1.89411,1.89982
Y,actual: 0.635083,0.60247
VX,actual: 4.96671,5.19766
VY,actual: 0.82429,0.0269323
Yaw,actual: 0.164464,0.00518158
YawR,actual: -0.268058,0.0414297
DeltaTime: 0.05
Augmented X:   1.89411
 0.635083
  5.03465
 0.164464
-0.268058
  4.93484
  5.04111
Augmented Covariance Matrix:  0.00759294  0.00142215  0.00395668 -0.00375406  0.00146568           0           0
 0.00142215  0.00270834 0.000222429  0.00272453  0.00636999           0           0
 0.00395668 0.000222429    0.038974 -0.00412769  0.00130265           0           0
-0.00375406  0.00272453 -0.00412769   0.0132218   0.0277054           0           0
 0.00146568  0.00636999  0.00130265   0.0277054    0.228653           0           0
          0           0           0           0           0        0.25           0
          0           0           0           0           0           0        0.81
Augmented Sigma Points:    1.89411    2.04504    1.89411    1.89411    1.89411    1.89411    1.89411    1.89411    1.74319    1.89411    1.89411    1.89411    1.89411    1.89411    1.89411
  0.635083   0.663352   0.720675   0.635083   0.635083   0.635083   0.635083   0.635083   0.606815   0.549492   0.635083   0.635083   0.635083   0.635083   0.635083
   5.03465    5.11329    5.01647    5.36692    5.03465    5.03465    5.03465    5.03465      4.956    5.05282    4.70237    5.03465    5.03465    5.03465    5.03465
  0.164464  0.0898436   0.284604   0.151432   0.304084   0.164464   0.164464   0.164464   0.239084  0.0443238   0.177496   0.024844   0.164464   0.164464   0.164464
 -0.268058  -0.238925 -0.0544109  -0.251504   0.160521   0.406857  -0.268058  -0.268058  -0.297192  -0.481706  -0.284613  -0.696638  -0.942973  -0.268058  -0.268058
   4.93484    4.93484    4.93484    4.93484    4.93484    4.93484    5.80087    4.93484    4.93484    4.93484    4.93484    4.93484    4.93484    4.06882    4.93484
   5.04111    5.04111    5.04111    5.04111    5.04111    5.04111    5.04111    6.59996    5.04111    5.04111    5.04111    5.04111    5.04111    5.04111    3.48227
Predicted Sigma Points:      2.1488     2.30595     2.14086     2.16573     2.13988      2.1481     2.14987      2.1488     1.99036     2.15278      2.1319     2.15199     2.14941     2.14773      2.1488
   0.675642    0.685323    0.792505    0.674826    0.713267    0.679831     0.67582    0.675642    0.665167    0.557919    0.676038    0.637106    0.671439    0.675465    0.675642
    5.28139     5.36004     5.26321     5.61366     5.28139     5.28139     5.32469     5.28139     5.20274     5.29957     4.94911     5.28139     5.28139     5.23809     5.28139
   0.157362   0.0841987    0.288185    0.145158    0.318411    0.191108    0.157362    0.159311    0.230526   0.0265399    0.169567 -0.00368653    0.123617    0.157362    0.155414
 -0.0160027   0.0131309    0.197645 0.000551542    0.412577    0.658912  -0.0160027   0.0619396  -0.0451362    -0.22965  -0.0325569   -0.444582   -0.690918  -0.0160027   -0.093945
New X based on given predicted sigma points:    2.14696
  0.675142
   5.28139
  0.157362
-0.0160027
New P based on given predicted sigma points:   0.00842053   0.00021583   0.00606211  -0.00450954   0.00018799
  0.00021583   0.00510905 -0.000511145     0.006963    0.0148317
  0.00606211 -0.000511145     0.039599  -0.00406255   0.00130265
 -0.00450954     0.006963  -0.00406255    0.0165652    0.0391887
  0.00018799    0.0148317   0.00130265    0.0391887     0.230678
Top 2 rows for the sigma points used in lidar:   2.1488  2.30595  2.14086  2.16573  2.13988   2.1481  2.14987   2.1488  1.99036  2.15278   2.1319  2.15199  2.14941  2.14773   2.1488
0.675642 0.685323 0.792505 0.674826 0.713267 0.679831  0.67582 0.675642 0.665167 0.557919 0.676038 0.637106 0.671439 0.675465 0.675642
Predicted measurement:  2.14696
0.675142
Predicted covariance matrix S: 0.00842053 0.00021583
0.00021583 0.00510905
Actual:  2.18882
0.648739
Residual:  0.0418661
-0.0264027
Updated X:    2.15821
  0.670495
   5.29013
  0.144493
-0.0300883
Updated P:   0.00612649  0.000127998   0.00441438  -0.00332126  5.24282e-05
 0.000127998   0.00416262 -0.000451067   0.00570046    0.0120867
  0.00441438 -0.000451067    0.0383994  -0.00303822    0.0015631
 -0.00332126   0.00570046  -0.00303822    0.0141355    0.0354587
 5.24282e-05    0.0120867    0.0015631    0.0354587      0.22271
0.0824988
X,actual: 2.15821,2.1597
Y,actual: 0.670495,0.604086
VX,actual: 5.235,5.19678
VY,actual: 0.761731,0.0376932
Yaw,actual: 0.144493,0.00725307
YawR,actual: -0.0300883,0.0483182
DeltaTime: 0.05
Augmented X:    2.15821
  0.670495
   5.29013
  0.144493
-0.0300883
  -5.10971
   -4.7594
Augmented Covariance Matrix:   0.00612649  0.000127998   0.00441438  -0.00332126  5.24282e-05            0            0
 0.000127998   0.00416262 -0.000451067   0.00570046    0.0120867            0            0
  0.00441438 -0.000451067    0.0383994  -0.00303822    0.0015631            0            0
 -0.00332126   0.00570046  -0.00303822    0.0141355    0.0354587            0            0
 5.24282e-05    0.0120867    0.0015631    0.0354587      0.22271            0            0
           0            0            0            0            0         0.25            0
           0            0            0            0            0            0         0.81
Augmented Sigma Points:     2.15821     2.29378     2.15821     2.15821     2.15821     2.15821     2.15821     2.15821     2.02264     2.15821     2.15821     2.15821     2.15821     2.15821     2.15821
   0.670495    0.673328    0.782209    0.670495    0.670495    0.670495    0.670495    0.670495    0.667663    0.558782    0.670495    0.670495    0.670495    0.670495    0.670495
    5.29013     5.38781     5.27554     5.61485     5.29013     5.29013     5.29013     5.29013     5.19245     5.30472     4.96541     5.29013     5.29013     5.29013     5.29013
   0.144493   0.0709984     0.29944    0.145495    0.258491    0.144493    0.144493    0.144493    0.217988  -0.0104531    0.143492   0.0304951    0.144493    0.144493    0.144493
 -0.0300883  -0.0289281    0.294464 -0.00141387    0.462416    0.535077  -0.0300883  -0.0300883  -0.0312484   -0.354641  -0.0587627   -0.522592   -0.595254  -0.0300883  -0.0300883
   -5.10971    -5.10971    -5.10971    -5.10971    -5.10971    -5.10971    -4.24368    -5.10971    -5.10971    -5.10971    -5.10971    -5.10971    -5.10971    -5.97573    -5.10971
    -4.7594     -4.7594     -4.7594     -4.7594     -4.7594     -4.7594     -4.7594    -3.20055     -4.7594     -4.7594     -4.7594     -4.7594     -4.7594     -4.7594    -6.31825
Predicted Sigma Points:     2.41367     2.55613     2.40356     2.42967     2.40695      2.4131     2.41474     2.41367     2.26992       2.417     2.39766     2.41628     2.41416     2.41259     2.41367
   0.707465    0.691791    0.859987    0.710262    0.739427    0.711159    0.707621    0.707465    0.722231    0.553725    0.704724    0.674911    0.703762     0.70731    0.707465
    5.03465     5.13233     5.02006     5.35937     5.03465     5.03465     5.07795     5.03465     4.93696     5.04924     4.70993     5.03465     5.03465     4.99134     5.03465
    0.13704   0.0636028    0.308214    0.139475    0.275663    0.165298     0.13704    0.138988    0.210477  -0.0341344    0.134604 -0.00158373    0.108781     0.13704    0.135091
  -0.268058   -0.266898    0.056494   -0.239384    0.224446    0.297107   -0.268058   -0.190116   -0.269218   -0.592611   -0.296733   -0.760562   -0.833224   -0.268058   -0.346001
New X based on given predicted sigma points:   2.41163
 0.707019
  5.03465
  0.13704
-0.268058
New P based on given predicted sigma points:   0.00693575  -0.00110503   0.00644017  -0.00409426  -0.00138572
 -0.00110503   0.00824759 -0.000938312    0.0106376    0.0225794
  0.00644017 -0.000938312    0.0390244  -0.00296006    0.0015631
 -0.00409426    0.0106376  -0.00296006    0.0182394    0.0466449
 -0.00138572    0.0225794    0.0015631    0.0466449     0.224735
Translated measurements used in radar:  2.51521  2.64809  2.55278  2.53135  2.51796  2.51571  2.51628  2.51521  2.38205  2.47962  2.49908  2.50877  2.51465  2.51414  2.51521
0.285122 0.264308 0.343604 0.284405 0.298054 0.286595 0.285062 0.285122 0.308046 0.225209 0.285871 0.272376 0.283653 0.285183 0.285122
 4.97955   5.0293  5.01691  5.30318  5.03338  4.99765  5.02242  4.98098  4.91348  4.88038  4.65614  4.84689  4.95786  4.93667  4.97809
Predicted measurement:  2.51487
0.285272
 4.95283
Predicted covariance matrix S:  0.00643986 -0.00023219  0.00530748
-0.00023219  0.00138389  0.00126105
 0.00530748  0.00126105   0.0413484
Actual:  2.04438
0.276002
 5.04387
Residual:  -0.470488
-0.0092702
 0.0910358
Updated X:   2.39034
 0.688435
  5.04591
 0.125528
-0.309573
Updated P:   0.00574792  0.000419299   0.00419869  -0.00185585   0.00199243
 0.000419299   0.00348153 -0.000240102   0.00407503   0.00942209
  0.00419869 -0.000240102    0.0273987  -0.00216406  -0.00165992
 -0.00185585   0.00407503  -0.00216406     0.009119    0.0284192
  0.00199243   0.00942209  -0.00165992    0.0284192     0.186096
2.45827
X,actual: 2.39034,2.41954
Y,actual: 0.688435,0.606284
VX,actual: 5.00621,5.19573
VY,actual: 0.631739,0.0502389
Yaw,actual: 0.125528,0.00966898
YawR,actual: -0.309573,0.0551989
DeltaTime: 0.05
Augmented X:   2.39034
 0.688435
  5.04591
 0.125528
-0.309573
  4.88434
  5.58968
Augmented Covariance Matrix:   0.00574792  0.000419299   0.00419869  -0.00185585   0.00199243            0            0
 0.000419299   0.00348153 -0.000240102   0.00407503   0.00942209            0            0
  0.00419869 -0.000240102    0.0273987  -0.00216406  -0.00165992            0            0
 -0.00185585   0.00407503  -0.00216406     0.009119    0.0284192            0            0
  0.00199243   0.00942209  -0.00165992    0.0284192     0.186096            0            0
           0            0            0            0            0         0.25            0
           0            0            0            0            0            0         0.81
Augmented Sigma Points:    2.39034    2.52166    2.39034    2.39034    2.39034    2.39034    2.39034    2.39034    2.25903    2.39034    2.39034    2.39034    2.39034    2.39034    2.39034
  0.688435   0.698014   0.790184   0.688435   0.688435   0.688435   0.688435   0.688435   0.678856   0.586686   0.688435   0.688435   0.688435   0.688435   0.688435
   5.04591    5.14184     5.0298    5.31561    5.04591    5.04591    5.04591    5.04591    4.94999    5.06202    4.77622    5.04591    5.04591    5.04591    5.04591
  0.125528  0.0831294   0.249669   0.123951   0.226254   0.125528   0.125528   0.125528   0.167926 0.00138634   0.127105  0.0248011   0.125528   0.125528   0.125528
 -0.309573  -0.264054 -0.0360536  -0.327888   0.218625   0.139953  -0.309573  -0.309573  -0.355091  -0.583091  -0.291257   -0.83777  -0.759098  -0.309573  -0.309573
   4.88434    4.88434    4.88434    4.88434    4.88434    4.88434    5.75037    4.88434    4.88434    4.88434    4.88434    4.88434    4.88434    4.01832    4.88434
   5.58968    5.58968    5.58968    5.58968    5.58968    5.58968    5.58968    7.14853    5.58968    5.58968    5.58968    5.58968    5.58968    5.58968    4.03084
Predicted Sigma Points:    2.64694    2.78408    2.64001     2.6604    2.64184     2.6466    2.64802    2.64694    2.50942    2.64952    2.63349    2.64872    2.64725    2.64587    2.64694
  0.718848   0.718176   0.853611   0.719886   0.747744   0.721662   0.718983   0.718848   0.719074   0.583356   0.717755   0.689559   0.716029   0.718712   0.718848
   5.29013    5.38605    5.27402    5.55983    5.29013    5.29013    5.33343    5.29013    5.19421    5.30624    5.02044    5.29013    5.29013    5.24683    5.29013
  0.117036  0.0769138   0.254853   0.114543   0.244173   0.139512   0.117036   0.118985   0.157158 -0.0207811   0.119529 -0.0101004  0.0945598   0.117036   0.115088
-0.0300883  0.0154303   0.243431 -0.0484039    0.49811   0.419438 -0.0300883   0.047854 -0.0756069  -0.303607 -0.0117726  -0.558286  -0.479614 -0.0300883  -0.108031
New X based on given predicted sigma points:    2.64559
  0.718577
   5.29013
  0.117036
-0.0300883
New P based on given predicted sigma points:   0.00635946 -0.000263561    0.0056414  -0.00221449  0.000913682
-0.000263561   0.00637172 -0.000642269   0.00746677    0.0178509
   0.0056414 -0.000642269    0.0280237  -0.00224705  -0.00165992
 -0.00221449   0.00746677  -0.00224705    0.0124274    0.0377746
 0.000913682    0.0178509  -0.00165992    0.0377746     0.188121
Top 2 rows for the sigma points used in lidar:  2.64694  2.78408  2.64001   2.6604  2.64184   2.6466  2.64802  2.64694  2.50942  2.64952  2.63349  2.64872  2.64725  2.64587  2.64694
0.718848 0.718176 0.853611 0.719886 0.747744 0.721662 0.718983 0.718848 0.719074 0.583356 0.717755 0.689559 0.716029 0.718712 0.718848
Predicted measurement:  2.64559
0.718577
Predicted covariance matrix S:   0.00635946 -0.000263561
-0.000263561   0.00637172
Actual: 2.65526
0.66598
Residual: 0.00966577
-0.0525972
Updated X:    2.64809
  0.706904
   5.29309
   0.10275
-0.0622655
Updated P:   0.00495663 -0.000160148   0.00439406   -0.0016735   0.00083946
-0.000160148   0.00496408 -0.000460414   0.00580365     0.013919
  0.00439406 -0.000460414    0.0269088  -0.00166179  -0.00147307
  -0.0016735   0.00580365  -0.00166179    0.0103367    0.0332381
  0.00083946     0.013919  -0.00147307    0.0332381     0.177043
0.098743
X,actual: 2.64809,2.67932
Y,actual: 0.706904,0.609155
VX,actual: 5.26518,5.1945
VY,actual: 0.54291,0.0645654
Yaw,actual: 0.10275,0.0124289
YawR,actual: -0.0622655,0.062071
DeltaTime: 0.05
Augmented X:    2.64809
  0.706904
   5.29309
   0.10275
-0.0622655
  -4.94362
  -4.94614
Augmented Covariance Matrix:   0.00495663 -0.000160148   0.00439406   -0.0016735   0.00083946            0            0
-0.000160148   0.00496408 -0.000460414   0.00580365     0.013919            0            0
  0.00439406 -0.000460414    0.0269088  -0.00166179  -0.00147307            0            0
  -0.0016735   0.00580365  -0.00166179    0.0103367    0.0332381            0            0
  0.00083946     0.013919  -0.00147307    0.0332381     0.177043            0            0
           0            0            0            0            0         0.25            0
           0            0            0            0            0            0         0.81
Augmented Sigma Points:    2.64809    2.77004    2.64809    2.64809    2.64809    2.64809    2.64809    2.64809    2.52615    2.64809    2.64809    2.64809    2.64809    2.64809    2.64809
  0.706904   0.702964   0.828874   0.706904   0.706904   0.706904   0.706904   0.706904   0.710844   0.584934   0.706904   0.706904   0.706904   0.706904   0.706904
   5.29309     5.4012    5.28526    5.55573    5.29309    5.29309    5.29309    5.29309    5.18499    5.30093    5.03046    5.29309    5.29309    5.29309    5.29309
   0.10275   0.061579   0.244168   0.104932   0.199246    0.10275    0.10275    0.10275   0.143922 -0.0386673   0.100569 0.00625454    0.10275    0.10275    0.10275
-0.0622655 -0.0416132   0.280757 -0.0773625   0.477531   0.286205 -0.0622655 -0.0622655 -0.0829178  -0.405288 -0.0471685  -0.602062  -0.410736 -0.0622655 -0.0622655
  -4.94362   -4.94362   -4.94362   -4.94362   -4.94362   -4.94362   -4.07759   -4.94362   -4.94362   -4.94362   -4.94362   -4.94362   -4.94362   -5.80965   -4.94362
  -4.94614   -4.94614   -4.94614   -4.94614   -4.94614   -4.94614   -4.94614   -3.38729   -4.94614   -4.94614   -4.94614   -4.94614   -4.94614   -4.94614   -6.50499
Predicted Sigma Points:    2.90525    3.03343    2.89807    2.91826    2.90081      2.905    2.90632    2.90525    2.77668    2.90665    2.89223    2.90655    2.90547    2.90417    2.90525
  0.733006   0.718923   0.893063   0.734817   0.761156   0.735298   0.733117   0.733006   0.746608   0.572244   0.731241   0.704537   0.730711   0.732895   0.733006
   5.04591    5.15402    5.03808    5.30855    5.04591    5.04591    5.08922    5.04591    4.93781    5.05375    4.78327    5.04591    5.04591    5.00261    5.04591
 0.0934543  0.0533157   0.252023  0.0948811    0.21694   0.110878  0.0934543  0.0954029   0.133593 -0.0651144  0.0920276 -0.0300312  0.0760308  0.0934543  0.0915058
 -0.309573   -0.28892  0.0334497  -0.324669   0.230224  0.0388976  -0.309573   -0.23163  -0.330225  -0.652595  -0.294476  -0.849369  -0.658043  -0.309573  -0.387515
New X based on given predicted sigma points:   2.90369
 0.732763
  5.04591
0.0934543
-0.309573
New P based on given predicted sigma points:   0.00556042 -0.000841158   0.00579229  -0.00205772 -0.000215902
-0.000841158   0.00891094 -0.000759461    0.0098433    0.0235973
  0.00579229 -0.000759461    0.0275338  -0.00173544  -0.00147307
 -0.00205772    0.0098433  -0.00173544    0.0141044    0.0421409
-0.000215902    0.0235973  -0.00147307    0.0421409     0.179068
Translated measurements used in radar:  2.99629  3.11746  3.03255  3.00935    2.999  2.99662  2.99736  2.99629  2.87531  2.96244  2.98324  2.99072  2.99594  2.99522  2.99629
0.247146 0.232706 0.298925 0.246672  0.25661 0.247908 0.247094 0.247146 0.262672 0.194388  0.24764  0.23781 0.246385 0.247198 0.247146
 4.98644  5.07131  5.03254  5.24751  5.04194  4.99861  5.02927  4.98793  4.89673  4.88454  4.72548    4.866  4.97287  4.94361  4.98492
Predicted measurement:  2.99624
0.247189
  4.9653
Predicted covariance matrix S:  0.00536036 1.67597e-05  0.00566524
1.67597e-05  0.00101539  0.00109375
 0.00566524  0.00109375   0.0304885
Actual:  2.99092
0.217668
 5.19181
Residual: -0.00532761
 -0.0295208
   0.226511
Updated X:   2.92442
 0.692859
  5.11076
 0.051168
-0.386237
Updated P:   0.00480873  9.41603e-05   0.00415658 -0.000992263   0.00156764
 9.41603e-05   0.00427479 -0.000344291   0.00455887    0.0112421
  0.00415658 -0.000344291    0.0210741  -0.00152332  -0.00343823
