Listening to port 4567
Connected!!!
UKF: 
0
X,actual: 0.312243,0.6
Y,actual: 0.58034,0.6
VX,actual: 5.19994,5.19994
VY,actual: 0,0
Yaw,actual: 0,0
YawR,actual: 0.00691132,0.00691132
DeltaTime: 0.05
Augmented X:   0.312243
   0.58034
   5.19994
         0
0.00691132
         0
         0
Augmented Covariance Matrix:    1    0    0    0    0    0    0
   0    1    0    0    0    0    0
   0    0    1    0    0    0    0
   0    0    0    1    0    0    0
   0    0    0    0    1    0    0
   0    0    0    0    0 0.25    0
   0    0    0    0    0    0 0.81
2.53976
X,actual: 0.80443,0.859997
Y,actual: 0.416463,0.600045
VX,actual: 2.61709,5.19975
VY,actual: 4.86498,0.00179686
Yaw,actual: 1.07726,0.000345566
YawR,actual: 0.0796187,0.0138215
DeltaTime: 0.05
Augmented X:   0.80443
 0.416463
  5.52423
  1.07726
0.0796187
 -6.48595
 -1.45415
Augmented Covariance Matrix:    0.336007    0.123067  -0.0584987   -0.252419  -0.0147933           0           0
   0.123067    0.375175  -0.0395545   -0.149332 -0.00948593           0           0
 -0.0584987  -0.0395545    0.944331    -0.19294  -0.0122832           0           0
  -0.252419   -0.149332    -0.19294    0.287764  0.00496485           0           0
 -0.0147933 -0.00948593  -0.0122832  0.00496485    0.999155           0           0
          0           0           0           0           0        0.25           0
          0           0           0           0           0           0        0.81
0.248164
X,actual: 1.15878,1.11998
Y,actual: 0.494359,0.600225
VX,actual: 3.08926,5.19943
VY,actual: 4.20725,0.00538996
Yaw,actual: 0.937438,0.00103664
YawR,actual: -0.0041863,0.0207296
DeltaTime: 0.05
Augmented X:    1.15878
  0.494359
   5.21962
  0.937438
-0.0041863
   6.09223
    1.6761
Augmented Covariance Matrix:    0.0213562  0.000376594  0.000768754   -0.0142559  -0.00101796            0            0
 0.000376594    0.0209814  -0.00185447  -0.00297922 -5.20454e-05            0            0
 0.000768754  -0.00185447       0.9426    -0.192783   -0.0120436            0            0
  -0.0142559  -0.00297922    -0.192783    0.0708572    0.0401548            0            0
 -0.00101796 -5.20454e-05   -0.0120436    0.0401548      1.00017            0            0
           0            0            0            0            0         0.25            0
           0            0            0            0            0            0         0.81
2.83824
X,actual: 1.31242,1.37996
Y,actual: 0.54006,0.600629
VX,actual: 3.09414,5.19898
VY,actual: 4.43174,0.0107781
Yaw,actual: 0.961295,0.00207312
YawR,actual: 0.0224502,0.0276344
DeltaTime: 0.05
Augmented X:   1.31242
  0.54006
    5.405
 0.961295
0.0224502
 -3.70751
 -0.53273
Augmented Covariance Matrix:   0.0138508   0.0062581  -0.0111482 -0.00635529  0.00382696           0           0
  0.0062581  0.00543003 -0.00670395 -0.00246444  0.00307703           0           0
 -0.0111482 -0.00670395    0.131156   0.0216839    0.124866           0           0
-0.00635529 -0.00246444   0.0216839   0.0147393   0.0499464           0           0
 0.00382696  0.00307703    0.124866   0.0499464    0.974507           0           0
          0           0           0           0           0        0.25           0
          0           0           0           0           0           0        0.81
1.79149
X,actual: 1.52679,1.6399
Y,actual: 0.753079,0.601347
VX,actual: 3.19915,5.19839
VY,actual: 4.01696,0.0179597
Yaw,actual: 0.898247,0.00345484
YawR,actual: -0.164091,0.0345348
DeltaTime: 0.05
Augmented X:   1.52679
 0.753079
  5.13522
 0.898247
-0.164091
  5.39558
  3.73082
Augmented Covariance Matrix:  0.00928328  0.00221832  -0.0077669 -0.00585014  -0.0071194           0           0
 0.00221832  0.00378372  0.00328636  0.00246334   0.0170831           0           0
 -0.0077669  0.00328636    0.127002   0.0243292    0.118965           0           0
-0.00585014  0.00246334   0.0243292   0.0194624   0.0942881           0           0
 -0.0071194   0.0170831    0.118965   0.0942881    0.958936           0           0
          0           0           0           0           0        0.25           0
          0           0           0           0           0           0        0.81
17.1105
X,actual: 1.89446,1.89982
Y,actual: 0.736238,0.60247
VX,actual: 4.48708,5.19766
VY,actual: 1.87085,0.0269323
Yaw,actual: 0.395025,0.00518158
YawR,actual: -1.9158,0.0414297
DeltaTime: 0.05
Augmented X:  1.89446
0.736238
 4.86148
0.395025
 -1.9158
 5.47488
 35.0342
Augmented Covariance Matrix:  0.00774662  0.00235945 -0.00254157 -0.00308067  0.00129249           0           0
 0.00235945  0.00330997  0.00453854  0.00271336   0.0171821           0           0
-0.00254157  0.00453854   0.0738303   0.0185347     0.09401           0           0
-0.00308067  0.00271336   0.0185347   0.0143602   0.0757573           0           0
 0.00129249   0.0171821     0.09401   0.0757573    0.686804           0           0
          0           0           0           0           0        0.25           0
          0           0           0           0           0           0        0.81
1.20924
X,actual: 2.13674,2.1597
Y,actual: 0.787322,0.604086
VX,actual: 4.87014,5.19678
VY,actual: 1.40055,0.0376932
Yaw,actual: 0.280022,0.00725307
YawR,actual: -0.41799,0.0483182
DeltaTime: 0.05
Augmented X:  2.13674
0.787322
 5.06752
0.280022
-0.41799
-4.12092
-29.9562
Augmented Covariance Matrix:  0.00594758 0.000832561 -0.00100929 -0.00304168 -0.00304511           0           0
0.000832561  0.00477425  0.00844278  0.00710293   0.0319301           0           0
-0.00100929  0.00844278   0.0704112   0.0197516   0.0787444           0           0
-0.00304168  0.00710293   0.0197516   0.0203639   0.0970999           0           0
-0.00304511   0.0319301   0.0787444   0.0970999    0.631168           0           0
          0           0           0           0           0        0.25           0
          0           0           0           0           0           0        0.81
5.8314
X,actual: 2.37487,2.41954
Y,actual: 0.759267,0.606284
VX,actual: 4.87038,5.19573
VY,actual: 0.463706,0.0502389
Yaw,actual: 0.0949234,0.00966898
YawR,actual: -2.41035,0.0551989
DeltaTime: 0.05
Augmented X:   2.37487
 0.759267
  4.89241
0.0949234
 -2.41035
  3.50232
  39.8473
Augmented Covariance Matrix:  0.00564819  0.00100811  0.00188432 -0.00177427 0.000586638           0           0
 0.00100811  0.00373303  0.00276018  0.00478752   0.0197787           0           0
 0.00188432  0.00276018   0.0344822  0.00314114  0.00354162           0           0
-0.00177427  0.00478752  0.00314114   0.0131612   0.0615952           0           0
0.000586638   0.0197787  0.00354162   0.0615952    0.388946           0           0
          0           0           0           0           0        0.25           0
          0           0           0           0           0           0        0.81
0.395983
X,actual: 2.62672,2.67932
Y,actual: 0.743677,0.609155
VX,actual: 5.05911,5.1945
VY,actual: -0.0685372,0.0645654
Yaw,actual: -0.0135465,0.0124289
YawR,actual: -0.546957,0.062071
DeltaTime: 0.05
Augmented X:    2.62672
  0.743677
   5.05958
-0.0135465
 -0.546957
  -3.34344
  -37.2679
Augmented Covariance Matrix:   0.00469864  0.000401866   0.00277777  -0.00155504 -0.000530119            0            0
 0.000401866     0.005539   0.00266466   0.00779425     0.028198            0            0
  0.00277777   0.00266466     0.034235   0.00231252 -0.000910478            0            0
 -0.00155504   0.00779425   0.00231252     0.016607    0.0681456            0            0
-0.000530119     0.028198 -0.000910478    0.0681456      0.34409            0            0
           0            0            0            0            0         0.25            0
           0            0            0            0            0            0         0.81
4.05186
X,actual: 2.89692,2.93904
Y,actual: 0.727805,0.612786
VX,actual: 5.0305,5.19309
VY,actual: -0.391651,0.080668
Yaw,actual: -0.0776986,0.0155325
YawR,actual: -2.34463,0.0689333
DeltaTime: 0.05
Augmented X:    2.89692
  0.727805
   5.04572
-0.0776986
  -2.34463
  0.277151
   35.9534
Augmented Covariance Matrix:   0.00464426  0.000498852    0.0035792  -0.00100499  0.000546833            0            0
 0.000498852   0.00424323 -0.000209033   0.00514404    0.0166839            0            0
   0.0035792 -0.000209033    0.0269038  -0.00337697   -0.0204234            0            0
 -0.00100499   0.00514404  -0.00337697    0.0105823    0.0414476            0            0
 0.000546833    0.0166839   -0.0204234    0.0414476     0.204659            0            0
           0            0            0            0            0         0.25            0
           0            0            0            0            0            0         0.81
0.742421
X,actual: 3.12054,3.19869
Y,actual: 0.677315,0.617267
VX,actual: 4.97173,5.19147
VY,actual: -0.820384,0.0985415
Yaw,actual: -0.163536,0.0189791
YawR,actual: -0.603396,0.0757847
DeltaTime: 0.05
Augmented X:   3.12054
 0.677315
  5.03896
-0.163536
-0.603396
 0.135265
 -34.8246
Augmented Covariance Matrix:   0.00408624  0.000280766   0.00393757 -0.000700952  0.000589655            0            0
 0.000280766   0.00580164  -0.00107204   0.00704775    0.0210852            0            0
  0.00393757  -0.00107204    0.0266255  -0.00382167   -0.0192708            0            0
-0.000700952   0.00704775  -0.00382167     0.012247    0.0428618            0            0
 0.000589655    0.0210852   -0.0192708    0.0428618     0.180011            0            0
           0            0            0            0            0         0.25            0
           0            0            0            0            0            0         0.81
5.48493
X,actual: 3.40187,3.45825
Y,actual: 0.59729,0.622685
VX,actual: 5.01343,5.18963
VY,actual: -1.3133,0.11818
Yaw,actual: -0.2562,0.0227684
YawR,actual: -2.35773,0.0826241
DeltaTime: 0.05
Augmented X:  3.40187
 0.59729
 5.18259
 -0.2562
-2.35773
-2.87268
 35.0867
Augmented Covariance Matrix:   0.00411947  0.000274869   0.00414856 -0.000531062  0.000554592            0            0
 0.000274869   0.00482195  -0.00210023   0.00518221     0.013996            0            0
  0.00414856  -0.00210023    0.0237672  -0.00506361    -0.021057            0            0
-0.000531062   0.00518221  -0.00506361   0.00855964    0.0283838            0            0
 0.000554592     0.013996    -0.021057    0.0283838     0.116021            0            0
           0            0            0            0            0         0.25            0
           0            0            0            0            0            0         0.81
3.77551
X,actual: 3.68197,3.71772
Y,actual: 0.466716,0.62913
VX,actual: 4.72946,5.18754
VY,actual: -1.93739,0.139576
Yaw,actual: -0.388792,0.0268996
YawR,actual: -0.734911,0.0894504
DeltaTime: 0.05
Augmented X:   3.68197
 0.466716
   5.1109
-0.388792
-0.734911
  1.43374
 -32.4564
Augmented Covariance Matrix:   0.00374882  0.000332729   0.00409519 -6.89466e-05   0.00138549            0            0
 0.000332729   0.00600509   -0.0028778   0.00630437    0.0160268            0            0
  0.00409519   -0.0028778    0.0230206   -0.0050291   -0.0186289            0            0
-6.89466e-05   0.00630437   -0.0050291   0.00927962    0.0281047            0            0
  0.00138549    0.0160268   -0.0186289    0.0281047     0.102318            0            0
           0            0            0            0            0         0.25            0
           0            0            0            0            0            0         0.81
9.71934
X,actual: 3.97097,3.97708
Y,actual: 0.548699,0.636689
VX,actual: 5.04223,5.18519
VY,actual: -1.27678,0.162724
Yaw,actual: -0.248005,0.0313721
YawR,actual: -1.79145,0.0962627
DeltaTime: 0.05
Augmented X:   3.97097
 0.548699
  5.20137
-0.248005
 -1.79145
 -1.80928
  21.1309
Augmented Covariance Matrix:   0.00381267  0.000293795   0.00412514 -1.61267e-06   0.00116788            0            0
 0.000293795   0.00513229  -0.00335639   0.00473165    0.0107678            0            0
  0.00412514  -0.00335639    0.0215733  -0.00509668   -0.0172179            0            0
-1.61267e-06   0.00473165  -0.00509668   0.00651471    0.0186397            0            0
  0.00116788    0.0107678   -0.0172179    0.0186397    0.0673414            0            0
           0            0            0            0            0         0.25            0
           0            0            0            0            0            0         0.81
0.663442
X,actual: 4.23291,4.23632
Y,actual: 0.503363,0.645449
VX,actual: 4.9035,5.18256
VY,actual: -1.43886,0.187614
Yaw,actual: -0.285424,0.0361852
YawR,actual: -0.675024,0.10306
DeltaTime: 0.05
Augmented X:   4.23291
 0.503363
  5.11025
-0.285424
-0.675024
   1.8224
 -22.3286
Augmented Covariance Matrix:  0.00357879 0.000319494  0.00407324    0.000207  0.00134088           0           0
0.000319494  0.00599822 -0.00375883  0.00536724   0.0117247           0           0
 0.00407324 -0.00375883    0.020496 -0.00480077  -0.0148788           0           0
   0.000207  0.00536724 -0.00480077  0.00679749   0.0182182           0           0
 0.00134088   0.0117247  -0.0148788   0.0182182    0.060906           0           0
          0           0           0           0           0        0.25           0
          0           0           0           0           0           0        0.81
3.4555
X,actual: 4.5032,4.49542
Y,actual: 0.527396,0.655498
VX,actual: 5.03013,5.17962
VY,actual: -1.28775,0.214238
Yaw,actual: -0.250625,0.0413382
YawR,actual: -1.57823,0.10984
DeltaTime: 0.05
Augmented X:    4.5032
 0.527396
  5.19235
-0.250625
 -1.57823
 -1.64205
  18.0642
Augmented Covariance Matrix:  0.00364681 0.000253328  0.00404054 0.000151699 0.000921899           0           0
0.000253328  0.00594996 -0.00398781  0.00494246   0.0101287           0           0
 0.00404054 -0.00398781   0.0186661 -0.00470319  -0.0135351           0           0
0.000151699  0.00494246 -0.00470319  0.00587098   0.0150148           0           0
0.000921899   0.0101287  -0.0135351   0.0150148   0.0491498           0           0
          0           0           0           0           0        0.25           0
          0           0           0           0           0           0        0.81
12.4386
X,actual: 4.69359,4.75437
Y,actual: 0.576335,0.666921
VX,actual: 4.85298,5.17634
VY,actual: -1.03316,0.242587
Yaw,actual: -0.20976,0.0468302
YawR,actual: -0.49195,0.116604
DeltaTime: 0.05
Augmented X:  4.69359
0.576335
 4.96174
-0.20976
-0.49195
 4.61229
-21.7256
Augmented Covariance Matrix:  0.00346567 0.000293348  0.00394307 0.000296574  0.00106223           0           0
0.000293348  0.00645687 -0.00398151  0.00517354   0.0101941           0           0
 0.00394307 -0.00398151   0.0175158 -0.00417556  -0.0112591           0           0
0.000296574  0.00517354 -0.00417556  0.00582021   0.0142099           0           0
 0.00106223   0.0101941  -0.0112591   0.0142099   0.0446154           0           0
          0           0           0           0           0        0.25           0
          0           0           0           0           0           0        0.81
1.22963
X,actual: 4.95037,5.01315
Y,actual: 0.555697,0.679804
VX,actual: 5.03837,5.1727
VY,actual: -1.20552,0.272649
Yaw,actual: -0.234853,0.0526604
YawR,actual: -1.52771,0.123349
DeltaTime: 0.05
Augmented X:   4.95037
 0.555697
  5.18058
-0.234853
 -1.52771
 -4.37693
  20.7153
Augmented Covariance Matrix:  0.00353448  0.00022921  0.00390387 0.000207913 0.000666964           0           0
 0.00022921  0.00662422 -0.00398916  0.00503282  0.00944151           0           0
 0.00390387 -0.00398916   0.0158343 -0.00398903  -0.0101301           0           0
0.000207913  0.00503282 -0.00398903  0.00537552   0.0126222           0           0
0.000666964  0.00944151  -0.0101301   0.0126222   0.0390162           0           0
          0           0           0           0           0        0.25           0
          0           0           0           0           0           0        0.81
4.74891
X,actual: 5.24435,5.27175
Y,actual: 0.539445,0.694234
VX,actual: 4.84062,5.16867
VY,actual: -1.21163,0.304413
Yaw,actual: -0.245266,0.0588279
YawR,actual: -0.415976,0.130074
DeltaTime: 0.05
Augmented X:   5.24435
 0.539445
  4.98996
-0.245266
-0.415976
  3.81249
 -22.2348
Augmented Covariance Matrix:  0.00337672 0.000265749  0.00379209 0.000309957 0.000796563           0           0
0.000265749  0.00676884 -0.00371594  0.00497189  0.00900282           0           0
 0.00379209 -0.00371594   0.0148541 -0.00339794  -0.0081885           0           0
0.000309957  0.00497189 -0.00339794  0.00515704   0.0117587           0           0
0.000796563  0.00900282  -0.0081885   0.0117587   0.0358418           0           0
          0           0           0           0           0        0.25           0
          0           0           0           0           0           0        0.81
5.15351
X,actual: 5.50728,5.53013
Y,actual: 0.547048,0.710295
VX,actual: 5.05956,5.16422
VY,actual: -1.18186,0.337868
Yaw,actual: -0.229476,0.0653316
YawR,actual: -1.39807,0.136779
DeltaTime: 0.05
Augmented X:   5.50728
 0.547048
  5.19576
-0.229476
 -1.39807
 -4.11611
  19.6419
Augmented Covariance Matrix:  0.00345413  0.00022481  0.00374063 0.000247615 0.000525859           0           0
 0.00022481  0.00706523 -0.00384685  0.00493582  0.00853999           0           0
 0.00374063 -0.00384685   0.0137859 -0.00335847 -0.00768079           0           0
0.000247615  0.00493582 -0.00335847  0.00485984   0.0107056           0           0
0.000525859  0.00853999 -0.00768079   0.0107056   0.0324312           0           0
          0           0           0           0           0        0.25           0
          0           0           0           0           0           0        0.81
4.29653
X,actual: 5.79456,5.78828
Y,actual: 0.553878,0.728072
VX,actual: 4.87456,5.15932
VY,actual: -1.1063,0.372999
Yaw,actual: -0.223174,0.0721706
YawR,actual: -0.327726,0.143463
DeltaTime: 0.05
Augmented X:   5.79456
 0.553878
  4.99853
-0.223174
-0.327726
  3.94469
 -21.4069
Augmented Covariance Matrix:    0.003308 0.000259853  0.00362468 0.000326779 0.000658408           0           0
0.000259853  0.00694068 -0.00343824  0.00470515  0.00792051           0           0
 0.00362468 -0.00343824   0.0129879 -0.00277814 -0.00607754           0           0
0.000326779  0.00470515 -0.00277814  0.00458134  0.00996593           0           0
0.000658408  0.00792051 -0.00607754  0.00996593   0.0303916           0           0
          0           0           0           0           0        0.25           0
          0           0           0           0           0           0        0.81
0.555608
X,actual: 6.03645,6.04618
Y,actual: 0.46914,0.747647
VX,actual: 4.99593,5.15393
VY,actual: -1.45573,0.409793
Yaw,actual: -0.283532,0.0793437
YawR,actual: -1.42589,0.150124
DeltaTime: 0.05
Augmented X:   6.03645
  0.46914
   5.2037
-0.283532
 -1.42589
 -4.10338
  21.9634
Augmented Covariance Matrix:  0.00338831 0.000227548   0.0035805 0.000268133 0.000435513           0           0
0.000227548  0.00744036  -0.0036068  0.00484642  0.00787946           0           0
  0.0035805  -0.0036068   0.0121976 -0.00281267 -0.00589371           0           0
0.000268133  0.00484642 -0.00281267  0.00448928  0.00948685           0           0
0.000435513  0.00787946 -0.00589371  0.00948685   0.0287439           0           0
          0           0           0           0           0        0.25           0
          0           0           0           0           0           0        0.81
9.66967
X,actual: 6.29495,6.30379
Y,actual: 0.565682,0.769103
VX,actual: 4.81688,5.14803
VY,actual: -1.04958,0.448233
Yaw,actual: -0.214543,0.0868499
YawR,actual: -0.147848,0.156761
DeltaTime: 0.05
Augmented X:   6.29495
 0.565682
   4.9299
-0.214543
-0.147848
  5.47592
 -25.5609
Augmented Covariance Matrix:  0.00325255 0.000311389  0.00342979 0.000391418 0.000691501           0           0
0.000311389  0.00706473 -0.00315412  0.00448962  0.00714968           0           0
 0.00342979 -0.00315412   0.0115892 -0.00227424 -0.00457892           0           0
0.000391418  0.00448962 -0.00227424  0.00419314  0.00887412           0           0
0.000691501  0.00714968 -0.00457892  0.00887412   0.0274209           0           0
          0           0           0           0           0        0.25           0
          0           0           0           0           0           0        0.81
2.186
X,actual: 6.55003,6.5611
Y,actual: 0.576726,0.792523
VX,actual: 5.07105,5.14157
VY,actual: -1.08713,0.488305
Yaw,actual: -0.211183,0.0946879
YawR,actual: -1.35675,0.163373
DeltaTime: 0.05
Augmented X:   6.55003
 0.576726
  5.18627
-0.211183
 -1.35675
  -5.1274
   24.178
Augmented Covariance Matrix:  0.00333255 0.000280908  0.00339881 0.000328743 0.000475215           0           0
0.000280908  0.00768368 -0.00335426  0.00473116  0.00733567           0           0
 0.00339881 -0.00335426   0.0110205 -0.00237071 -0.00462883           0           0
0.000328743  0.00473116 -0.00237071  0.00421659  0.00870044           0           0
0.000475215  0.00733567 -0.00462883  0.00870044   0.0266447           0           0
          0           0           0           0           0        0.25           0
          0           0           0           0           0           0        0.81
1.20856
X,actual: 6.79549,6.81808
Y,actual: 0.57813,0.817988
VX,actual: 4.79428,5.13452
VY,actual: -1.02622,0.52999
Yaw,actual: -0.210868,0.102857
YawR,actual: -0.0898115,0.169959
DeltaTime: 0.05
Augmented X:    6.79549
   0.57813
   4.90288
 -0.210868
-0.0898115
   5.66779
  -25.3388
Augmented Covariance Matrix:   0.0031967 0.000293216  0.00330907 0.000371635 0.000586096           0           0
0.000293216  0.00714095 -0.00284866  0.00431517  0.00660373           0           0
 0.00330907 -0.00284866   0.0105682 -0.00187838 -0.00352414           0           0
0.000371635  0.00431517 -0.00187838  0.00393147  0.00821121           0           0
0.000586096  0.00660373 -0.00352414  0.00821121   0.0258041           0           0
          0           0           0           0           0        0.25           0
          0           0           0           0           0           0        0.81
1.58539
X,actual: 7.04029,7.07469
Y,actual: 0.533598,0.845578
VX,actual: 5.01106,5.12685
VY,actual: -1.26402,0.573269
Yaw,actual: -0.247092,0.111355
YawR,actual: -1.36548,0.176519
DeltaTime: 0.05
Augmented X:   7.04029
 0.533598
  5.16803
-0.247092
 -1.36548
 -5.30288
  25.5135
Augmented Covariance Matrix:  0.00327971 0.000271457   0.0032837 0.000319319 0.000409076           0           0
0.000271457  0.00786526 -0.00308965  0.00463764  0.00695585           0           0
  0.0032837 -0.00308965   0.0101613 -0.00202593 -0.00373921           0           0
0.000319319  0.00463764 -0.00202593  0.00403739  0.00823228           0           0
0.000409076  0.00695585 -0.00373921  0.00823228    0.025519           0           0
          0           0           0           0           0        0.25           0
          0           0           0           0           0           0        0.81
8.2583
X,actual: 7.26826,7.3309
Y,actual: 0.619033,0.875373
VX,actual: 4.73458,5.11851
VY,actual: -0.931815,0.618123
Yaw,actual: -0.194327,0.120181
YawR,actual: 0.0427996,0.183051
DeltaTime: 0.05
Augmented X:   7.26826
 0.619033
   4.8254
-0.194327
0.0427996
  6.85245
 -28.1657
Augmented Covariance Matrix:  0.00315109 0.000317241  0.00318116 0.000397496 0.000605272           0           0
0.000317241  0.00717843 -0.00260256  0.00417935  0.00622108           0           0
 0.00318116 -0.00260256  0.00983865 -0.00158123 -0.00280117           0           0
0.000397496  0.00417935 -0.00158123  0.00377355  0.00784353           0           0
0.000605272  0.00622108 -0.00280117  0.00784353   0.0249902           0           0
          0           0           0           0           0        0.25           0
          0           0           0           0           0           0        0.81
6.71217
X,actual: 7.55564,7.58668
Y,actual: 0.622819,0.907449
VX,actual: 5.12884,5.10946
VY,actual: -0.96001,0.664531
Yaw,actual: -0.185038,0.129333
YawR,actual: -1.28627,0.189554
DeltaTime: 0.05
Augmented X:   7.55564
 0.622819
  5.21791
-0.185038
 -1.28627
 -7.85021
  26.5813
Augmented Covariance Matrix:  0.00323335 0.000294731  0.00316679 0.000341963 0.000427691           0           0
0.000294731  0.00799837 -0.00285509  0.00458017  0.00672744           0           0
 0.00316679 -0.00285509  0.00952638 -0.00175879 -0.00311222           0           0
0.000341963  0.00458017 -0.00175879  0.00395433  0.00802288           0           0
0.000427691  0.00672744 -0.00311222  0.00802288   0.0250542           0           0
          0           0           0           0           0        0.25           0
          0           0           0           0           0           0        0.81
0.685031
X,actual: 7.80283,7.84199
Y,actual: 0.616923,0.941886
VX,actual: 4.72507,5.09966
VY,actual: -0.901524,0.712469
Yaw,actual: -0.18853,0.138811
YawR,actual: 0.0832376,0.196027
DeltaTime: 0.05
Augmented X:   7.80283
 0.616923
  4.81031
 -0.18853
0.0832376
  8.15216
 -27.3901
Augmented Covariance Matrix:  0.00310343 0.000292327   0.0031019 0.000370054 0.000530454           0           0
0.000292327  0.00722894 -0.00236097  0.00410769  0.00601999           0           0
  0.0031019 -0.00236097  0.00930452 -0.00135006 -0.00228329           0           0
0.000370054  0.00410769 -0.00135006  0.00370523  0.00769198           0           0
0.000530454  0.00601999 -0.00228329  0.00769198   0.0246846           0           0
          0           0           0           0           0        0.25           0
          0           0           0           0           0           0        0.81
3.36226
X,actual: 8.05323,8.0968
Y,actual: 0.604761,0.978759
VX,actual: 5.09048,5.08907
VY,actual: -1.05292,0.761915
Yaw,actual: -0.203965,0.148612
YawR,actual: -1.27327,0.202468
DeltaTime: 0.05
Augmented X:   8.05323
 0.604761
  5.19823
-0.203965
 -1.27327
 -7.75849
  27.1302
Augmented Covariance Matrix:  0.00318815 0.000275267  0.00309278  0.00032186 0.000377791           0           0
0.000275267  0.00816764 -0.00265032  0.00458498  0.00665687           0           0
 0.00309278 -0.00265032  0.00907007 -0.00156142 -0.00267923           0           0
 0.00032186  0.00458498 -0.00156142  0.00393882  0.00796573           0           0
0.000377791  0.00665687 -0.00267923  0.00796573   0.0249247           0           0
          0           0           0           0           0        0.25           0
          0           0           0           0           0           0        0.81
2.70503
X,actual: 8.29323,8.35106
Y,actual: 0.640855,1.01814
VX,actual: 4.69724,5.07766
VY,actual: -0.860348,0.812843
Yaw,actual: -0.181152,0.158735
YawR,actual: 0.159555,0.208879
DeltaTime: 0.05
Augmented X:   8.29323
 0.640855
  4.77538
-0.181152
 0.159555
   8.4569
 -28.6566
Augmented Covariance Matrix:  0.00306457 0.000297694  0.00302436 0.000375847 0.000535963           0           0
0.000297694  0.00729646 -0.00217782  0.00408041   0.0059228           0           0
 0.00302436 -0.00217782  0.00892553 -0.00118083 -0.00193087           0           0
0.000375847  0.00408041 -0.00118083  0.00369316  0.00765771           0           0
0.000535963   0.0059228 -0.00193087  0.00765771   0.0246205           0           0
          0           0           0           0           0        0.25           0
          0           0           0           0           0           0        0.81
11.8447
X,actual: 8.56161,8.60472
Y,actual: 0.718365,1.06011
VX,actual: 5.16715,5.06537
VY,actual: -0.668761,0.865226
Yaw,actual: -0.12871,0.169179
YawR,actual: -1.13821,0.215255
DeltaTime: 0.05
Augmented X:  8.56161
0.718365
 5.21025
-0.12871
-1.13821
-8.69731
 25.9554
Augmented Covariance Matrix:  0.00314985 0.000282604  0.00302138 0.000329238 0.000389021           0           0
0.000282604  0.00832212 -0.00248622   0.0046173  0.00665622           0           0
 0.00302138 -0.00248622  0.00874121 -0.00141509 -0.00238062           0           0
0.000329238   0.0046173 -0.00141509  0.00396954  0.00800248           0           0
0.000389021  0.00665622 -0.00238062  0.00800248   0.0249828           0           0
          0           0           0           0           0        0.25           0
          0           0           0           0           0           0        0.81
4.24639
X,actual: 8.80341,8.85775
Y,actual: 0.799564,1.10473
VX,actual: 4.71654,5.05216
VY,actual: -0.41069,0.919037
Yaw,actual: -0.0868554,0.179942
YawR,actual: 0.255446,0.221599
DeltaTime: 0.05
Augmented X:    8.80341
  0.799564
   4.73439
-0.0868554
  0.255446
   9.51726
  -27.8732
Augmented Covariance Matrix:  0.00302315 0.000250677  0.00298444 0.000326026 0.000433086           0           0
0.000250677  0.00738143 -0.00200015  0.00409188   0.0059099           0           0
 0.00298444 -0.00200015  0.00865431 -0.00105247 -0.00167925           0           0
0.000326026  0.00409188 -0.00105247  0.00371806  0.00769197           0           0
0.000433086   0.0059099 -0.00167925  0.00769197   0.0246831           0           0
          0           0           0           0           0        0.25           0
          0           0           0           0           0           0        0.81
8.82917
X,actual: 9.08521,9.1101
Y,actual: 0.821535,1.15208
VX,actual: 5.22198,5.03798
VY,actual: -0.429073,0.974245
Yaw,actual: -0.0819826,0.191022
YawR,actual: -1.09698,0.227907
DeltaTime: 0.05
Augmented X:    9.08521
  0.821535
   5.23958
-0.0819826
  -1.09698
  -10.1038
   27.0485
Augmented Covariance Matrix:  0.00310635 0.000203903  0.00300278 0.000250636 0.000248049           0           0
0.000203903   0.0085806 -0.00219937  0.00477552  0.00692309           0           0
 0.00300278 -0.00219937  0.00842506 -0.00121776 -0.00198624           0           0
0.000250636  0.00477552 -0.00121776  0.00412147  0.00828806           0           0
0.000248049  0.00692309 -0.00198624  0.00828806   0.0255569           0           0
          0           0           0           0           0        0.25           0
          0           0           0           0           0           0        0.81
2.16355
X,actual: 9.32418,9.36172
Y,actual: 0.87889,1.20223
VX,actual: 4.69723,5.0228
VY,actual: -0.264521,1.03082
Yaw,actual: -0.0562549,0.202417
YawR,actual: 0.323478,0.234179
DeltaTime: 0.05
Augmented X:    9.32418
   0.87889
   4.70467
-0.0562549
  0.323478
   10.6982
  -28.4091
Augmented Covariance Matrix:   0.0029822  0.00016892  0.00297017 0.000239018 0.000276331           0           0
 0.00016892  0.00753913 -0.00172829  0.00419559  0.00608202           0           0
 0.00297017 -0.00172829  0.00840429 -0.00087569  -0.0013358           0           0
0.000239018  0.00419559 -0.00087569  0.00383463  0.00790584           0           0
0.000276331  0.00608202  -0.0013358  0.00790584   0.0251033           0           0
          0           0           0           0           0        0.25           0
          0           0           0           0           0           0        0.81
7.50801
X,actual: 9.59665,9.61255
Y,actual: 0.936263,1.25524
VX,actual: 5.25305,5.00656
VY,actual: -0.177811,1.08873
Yaw,actual: -0.0338362,0.214126
YawR,actual: -1.03385,0.240414
DeltaTime: 0.05
Augmented X:    9.59665
  0.936263
   5.25606
-0.0338362
  -1.03385
  -11.0277
   27.1466
Augmented Covariance Matrix:  0.00306923 0.000103691  0.00299463 0.000154453 8.91336e-05           0           0
0.000103691  0.00886355 -0.00191396  0.00496069  0.00721473           0           0
 0.00299463 -0.00191396  0.00819032 -0.00103605 -0.00164058           0           0
0.000154453  0.00496069 -0.00103605  0.00428927  0.00857519           0           0
8.91336e-05  0.00721473 -0.00164058  0.00857519    0.026079           0           0
          0           0           0           0           0        0.25           0
          0           0           0           0           0           0        0.81
9.62625
X,actual: 9.8729,9.86254
Y,actual: 1.10151,1.31118
VX,actual: 4.6915,4.98922
VY,actual: 0.235918,1.14794
Yaw,actual: 0.0502439,0.226147
YawR,actual: 0.470379,0.246611
DeltaTime: 0.05
Augmented X:    9.8729
  1.10151
  4.69742
0.0502439
 0.470379
  11.1726
 -30.0846
Augmented Covariance Matrix:   0.00294834   6.9011e-05   0.00296334  0.000135823  0.000100765            0            0
  6.9011e-05   0.00770851  -0.00146113   0.00431232   0.00625738            0            0
  0.00296334  -0.00146113    0.0082239 -0.000715678  -0.00104212            0            0
 0.000135823   0.00431232 -0.000715678   0.00395479   0.00810445            0            0
 0.000100765   0.00625738  -0.00104212   0.00810445     0.025456            0            0
           0            0            0            0            0         0.25            0
           0            0            0            0            0            0         0.81
7.32741
X,actual: 10.1209,10.1117
Y,actual: 1.17324,1.37011
VX,actual: 5.21375,4.97074
VY,actual: 0.339758,1.20841
Yaw,actual: 0.0650738,0.238478
YawR,actual: -0.996704,0.252769
DeltaTime: 0.05
Augmented X:   10.1209
  1.17324
  5.22481
0.0650738
-0.996704
 -10.5477
  29.3417
Augmented Covariance Matrix:   0.00303857 -5.39592e-05    0.0029977  4.49144e-06 -0.000154321            0            0
-5.39592e-05   0.00917686  -0.00147689   0.00519085   0.00758122            0            0
   0.0029977  -0.00147689   0.00797236 -0.000754576   -0.0011039            0            0
 4.49144e-06   0.00519085 -0.000754576   0.00450179   0.00893942            0            0
-0.000154321   0.00758122   -0.0011039   0.00893942    0.0267443            0            0
           0            0            0            0            0         0.25            0
           0            0            0            0            0            0         0.81
2.73574
X,actual: 10.3513,10.3598
Y,actual: 1.28021,1.4321
VX,actual: 4.64212,4.95106
VY,actual: 0.498003,1.2701
Yaw,actual: 0.10687,0.251116
YawR,actual: 0.550967,0.258887
DeltaTime: 0.05
Augmented X:  10.3513
 1.28021
 4.66876
 0.10687
0.550967
  11.121
-30.9534
Augmented Covariance Matrix:   0.00292243 -0.000109232   0.00296688 -4.77869e-05 -0.000213276            0            0
-0.000109232   0.00788639  -0.00105752   0.00445519   0.00647159            0            0
  0.00296688  -0.00105752    0.0080688 -0.000475048  -0.00059582            0            0
-4.77869e-05   0.00445519 -0.000475048   0.00410528   0.00835321            0            0
-0.000213276   0.00647159  -0.00059582   0.00835321    0.0258999            0            0
           0            0            0            0            0         0.25            0
           0            0            0            0            0            0         0.81
6.83147
X,actual: 10.5847,10.6069
Y,actual: 1.34696,1.49721
VX,actual: 5.14202,4.93014
VY,actual: 0.590882,1.33298
Yaw,actual: 0.114411,0.26406
YawR,actual: -0.973336,0.264964
DeltaTime: 0.05
Augmented X:   10.5847
  1.34696
  5.17586
 0.114411
-0.973336
  -10.142
   30.486
Augmented Covariance Matrix:   0.00302484 -0.000280943   0.00299549   -0.0002075 -0.000494035            0            0
-0.000280943    0.0094429 -0.000985367   0.00539342   0.00786966            0            0
  0.00299549 -0.000985367   0.00782527 -0.000454411 -0.000557772            0            0
  -0.0002075   0.00539342 -0.000454411   0.00469337   0.00924083            0            0
-0.000494035   0.00786966 -0.000557772   0.00924083    0.0272525            0            0
           0            0            0            0            0         0.25            0
           0            0            0            0            0            0         0.81
0.563203
X,actual: 10.8154,10.853
Y,actual: 1.39993,1.56549
VX,actual: 4.61896,4.90794
VY,actual: 0.56597,1.39701
Yaw,actual: 0.121924,0.277309
YawR,actual: 0.577874,0.271
DeltaTime: 0.05
Augmented X:  10.8154
 1.39993
 4.65351
0.121924
0.577874
  10.447
-31.0242
Augmented Covariance Matrix:   0.00291463 -0.000293098   0.00295515 -0.000232962 -0.000507778            0            0
-0.000293098   0.00802544 -0.000639543   0.00457229   0.00661973            0            0
  0.00295515 -0.000639543   0.00797207 -0.000230927 -0.000167991            0            0
-0.000232962   0.00457229 -0.000230927   0.00423712   0.00855233            0            0
-0.000507778   0.00661973 -0.000167991   0.00855233     0.026229            0            0
           0            0            0            0            0         0.25            0
           0            0            0            0            0            0         0.81
1.89373
X,actual: 11.0716,11.0979
Y,actual: 1.43172,1.637
VX,actual: 5.15598,4.8844
VY,actual: 0.572931,1.46213
Yaw,actual: 0.110666,0.290859
YawR,actual: -0.976341,0.276993
DeltaTime: 0.05
Augmented X:   11.0716
  1.43172
  5.18771
 0.110666
-0.976341
 -10.6841
  31.0843
Augmented Covariance Matrix:   0.00302949 -0.000495818   0.00297702 -0.000401869 -0.000782416            0            0
-0.000495818    0.0096718 -0.000561171     0.005564   0.00808152            0            0
  0.00297702 -0.000561171   0.00774653 -0.000213417 -0.000157551            0            0
-0.000401869     0.005564 -0.000213417   0.00485418   0.00947012            0            0
-0.000782416   0.00808152 -0.000157551   0.00947012    0.0276049            0            0
           0            0            0            0            0         0.25            0
           0            0            0            0            0            0         0.81
3.65616
X,actual: 11.3481,11.3416
Y,actual: 1.50619,1.71179
VX,actual: 4.64705,4.85948
VY,actual: 0.607772,1.52832
Yaw,actual: 0.130049,0.304708
YawR,actual: 0.618218,0.282942
DeltaTime: 0.05
Augmented X:  11.3481
 1.50619
 4.68662
0.130049
0.618218
 10.0218
-31.8912
Augmented Covariance Matrix:   0.00291566 -0.000422952   0.00293364  -0.00035684 -0.000672956            0            0
-0.000422952   0.00815601 -0.000305778   0.00466944   0.00672441            0            0
  0.00293364 -0.000305778   0.00792258 -4.74009e-05  0.000116788            0            0
 -0.00035684   0.00466944 -4.74009e-05   0.00433892   0.00868996            0            0
-0.000672956   0.00672441  0.000116788   0.00868996    0.0264387            0            0
           0            0            0            0            0         0.25            0
           0            0            0            0            0            0         0.81
1.07401
X,actual: 11.578,11.584
Y,actual: 1.54172,1.78992
VX,actual: 5.12018,4.83313
VY,actual: 0.620803,1.59551
Yaw,actual: 0.120657,0.318855
YawR,actual: -0.977753,0.288846
DeltaTime: 0.05
Augmented X:    11.578
  1.54172
  5.15768
 0.120657
-0.977753
 -9.42119
  31.9194
Augmented Covariance Matrix:   0.00303906 -0.000651713   0.00295207 -0.000533746 -0.000950006            0            0
-0.000651713   0.00991662 -0.000230065   0.00572243   0.00826747            0            0
  0.00295207 -0.000230065   0.00770702 -3.82116e-05  0.000100129            0            0
-0.000533746   0.00572243 -3.82116e-05   0.00498251   0.00963809            0            0
-0.000950006   0.00826747  0.000100129   0.00963809     0.027847            0            0
           0            0            0            0            0         0.25            0
           0            0            0            0            0            0         0.81
0.97581
X,actual: 11.8124,11.8251
Y,actual: 1.63263,1.87144
VX,actual: 4.62754,4.80531
VY,actual: 0.702772,1.66366
Yaw,actual: 0.150716,0.333298
YawR,actual: 0.674386,0.294705
